0.05000000 0.00000000 0.00000000 0.00000000 0.00000000 0.00000000 0.00000000 0.00000000
0.00000000 0.00000000 0.05000000 0.00000000 0.00000000 0.00000000 0.00000000 0.00000000
0.00000000 0.00000000 0.00000000 0.05000000 0.00000000 0.00000000 0.00000000 0.00000000
0.00000000 0.05000000 0.00000000 0.00000000 0.00000000 0.00000000 0.00000000 0.00000000
0.00000000 0.01250000 0.00000000 0.00250000 0.00000000 0.00000000 0.03500000 0.00000000
0.00000000 0.00000000 0.00000000 0.00000000 0.05000000 0.00000000 0.00000000 0.00000000
0.00000000 0.00000000 0.00000000 0.00000000 0.00000000 0.00000000 0.00000000 0.05000000
0.00000000 0.00000000 0.00000000 0.00000000 0.00000000 0.05000000 0.00000000 0.00000000
0.00000000 0.00000000 0.00000000 0.00000000 0.00000000 0.00000000 0.00000000 0.00000000
0.00000000 0.00000000 0.00000000 0.00000000 0.00000000 0.00000000 0.01500000 0.00000000
