0.00000000 0.04166667 0.00000000 0.00000000 0.00000000 0.00000000 0.00000000 0.00833333 0.00000000 0.00000000 0.00000000 0.00000000
0.00000000 0.00000000 0.00000000 0.00000000 0.00000000 0.00000000 0.00000000 0.00000000 0.00000000 0.00833333 0.00000000 0.04166667
0.00000000 0.00000000 0.00000000 0.04166667 0.00833333 0.00000000 0.00000000 0.00000000 0.00000000 0.00000000 0.00000000 0.00000000
0.00000000 0.00000000 0.04166667 0.00000000 0.00000000 0.00833333 0.00000000 0.00000000 0.00000000 0.00000000 0.00000000 0.00000000
0.00000000 0.00000000 0.00000000 0.00000000 0.02500000 0.00000000 0.00000000 0.00000000 0.00000000 0.02500000 0.00000000 0.00000000
0.00000000 0.00000000 0.00000000 0.00000000 0.00000000 0.03333333 0.00000000 0.00000000 0.00000000 0.00000000 0.01666667 0.00000000
0.00000000 0.00000000 0.00000000 0.00000000 0.00000000 0.00000000 0.04166667 0.00000000 0.00000000 0.00833333 0.00000000 0.00000000
0.00000000 0.00000000 0.00000000 0.00000000 0.00000000 0.00000000 0.00000000 0.03333333 0.00000000 0.00000000 0.01666667 0.00000000
0.00000000 0.00000000 0.00000000 0.00000000 0.00833333 0.00000000 0.00000000 0.00000000 0.04166667 0.00000000 0.00000000 0.00000000
0.04166667 0.00000000 0.00000000 0.00000000 0.00000000 0.00000000 0.00000000 0.00000000 0.00000000 0.00000000 0.00833333 0.00000000
