433.722992 223.903 0 10520.0 2 76
445.743011 97.3927 0 3259.0 2 173
445.743011 150.606995 0 3278.0 2 172
433.722992 24.0972 0 10450.0 2 82
0.0 150.606995 0 3819.0 2 135
0.0 99.400803 0 3826.0 2 134
0.0 200.809998 0 3946.0 2 150
0.0 49.198399 0 3951.0 2 149
422.70401 108.436996 0 5898.0 2 125
422.70401 139.563004 0 5939.0 2 120
406.678009 111.448997 0 6935.0 2 177
406.678009 136.550995 0 6935.0 2 179
392.653992 124.501999 0 6963.0 2 83
532.888 119.482002 0 10260.0 2 11
532.888 128.518005 0 10430.0 2 38
