487.812988 127.514 0 11490.0 2 38
0.0 79.319801 0 3109.0 2 134
488.815002 120.486 0 11470.0 2 11
0.0 170.688004 0 3123.0 2 135
389.648987 37.149799 0 8948.0 2 82
388.64801 210.850006 0 8940.0 2 76
364.608002 194.785004 0 8579.0 2 118
363.605988 53.2146 0 8526.0 2 117
383.639008 133.537994 0 7701.0 2 120
383.639008 114.461998 0 7693.0 2 125
360.601013 122.494003 0 7293.0 2 83
357.596008 149.602997 0 6159.0 2 140
358.597992 98.396797 0 6158.0 2 141
554.924988 93.376503 0 5485.0 2 113
554.924988 154.623001 0 5482.0 2 112
