287.479004 122.494003 0 9039.0 2 11
287.479004 125.505997 0 9020.0 2 43
247.412003 164.664001 0 7996.0 2 30
247.412003 83.335999 0 7975.0 2 31
296.493988 111.448997 0 4906.0 2 34
240.401001 161.651993 0 7271.0 2 46
240.401001 86.348198 0 7261.0 2 47
296.493988 136.550995 0 4908.0 2 38
248.414001 123.498001 0 7206.0 2 36
283.471985 94.3806 0 5379.0 2 49
294.490997 150.606995 0 5922.0 2 25
283.471985 153.619003 0 5389.0 2 51
238.397003 79.319801 0 5756.0 2 1
294.490997 97.3927 0 5901.0 2 26
238.397003 168.679993 0 5761.0 2 52
