501.835999 127.514 0 11240.0 2 38
0.0 190.768997 0 2500.0 2 150
501.835999 120.486 0 11240.0 2 11
0.0 59.238899 0 2519.0 2 149
0.0 85.344101 0 4387.0 2 134
0.0 164.664001 0 4395.0 2 135
399.665985 213.862 0 9436.0 2 76
399.665985 34.137699 0 9405.0 2 82
392.653992 137.554993 0 9207.0 2 120
392.653992 110.445 0 9166.0 2 125
373.622986 54.218601 0 8659.0 2 117
373.622986 193.781006 0 8658.0 2 118
406.678009 217.878998 0 8197.0 2 154
367.613007 122.494003 0 6910.0 2 83
363.605988 98.396797 0 6129.0 2 141
363.605988 149.602997 0 6116.0 2 140
578.965027 91.368401 0 5334.0 2 113
578.965027 156.632004 0 5331.0 2 112
362.604004 248.0 0 5328.0 2 146
362.604004 0.0 0 5323.0 2 147
