259.432007 123.498001 0 8217.0 2 11
218.363998 83.335999 0 7384.0 2 1
273.455994 141.570999 0 3861.0 2 33
273.455994 106.429001 0 3866.0 2 34
221.369003 186.753006 0 4391.0 2 8
218.363998 164.664001 0 7377.0 2 5
259.432007 145.587006 0 6686.0 2 25
259.432007 102.413002 0 6682.0 2 26
221.369003 61.247002 0 4392.0 2 7
217.362 95.384598 0 6131.0 2 2
217.362 152.615005 0 6126.0 2 4
204.341003 124.501999 0 5691.0 2 22
227.378998 91.368401 0 5268.0 2 31
227.378998 156.632004 0 5266.0 2 30
