523.872986 119.482002 0 10700.0 2 11
523.872986 128.518005 0 10650.0 2 38
0.0 51.206501 0 3617.0 2 149
424.708008 27.109301 0 9838.0 2 82
424.708008 220.891006 0 9815.0 2 76
0.0 198.802002 0 3646.0 2 150
425.709991 221.895004 0 9641.0 2 167
397.662994 56.2267 0 7906.0 2 117
0.0 154.623001 0 4363.0 2 135
397.662994 191.772995 0 7869.0 2 118
0.0 95.384598 0 4373.0 2 134
596.994995 151.610992 0 4460.0 2 112
596.994995 96.388702 0 4465.0 2 113
376.627991 150.606995 0 5573.0 2 161
376.627991 97.3927 0 5594.0 2 141
386.644012 122.494003 0 6737.0 2 83
414.69101 110.445 0 6901.0 2 125
413.688995 137.554993 0 6964.0 2 120
