511.852997 127.514 0 10820.0 2 38
511.852997 120.486 0 10790.0 2 11
0.0 193.781006 0 2905.0 2 150
401.669006 136.550995 0 9734.0 2 120
401.669006 111.448997 0 9648.0 2 125
407.678986 215.869995 0 9492.0 2 76
407.678986 32.129601 0 9473.0 2 82
383.639008 56.2267 0 8478.0 2 117
383.639008 191.772995 0 8462.0 2 118
374.623993 122.494003 0 6745.0 2 83
368.614014 150.606995 0 5928.0 2 161
368.614014 97.3927 0 5919.0 2 141
592.987976 91.368401 0 5220.0 2 113
592.987976 156.632004 0 5219.0 2 112
0.0 160.647995 0 4767.0 2 135
0.0 89.360298 0 4764.0 2 134
0.0 56.2267 0 2911.0 2 149
