514.857971 119.482002 0 10490.0 2 11
514.857971 128.518005 0 10470.0 2 38
0.0 54.218601 0 3197.0 2 149
0.0 195.789001 0 3215.0 2 150
411.686005 216.873993 0 9375.0 2 76
0.0 158.639999 0 4732.0 2 135
411.686005 31.1255 0 9368.0 2 82
405.675995 136.550995 0 9056.0 2 120
0.0 91.368401 0 4736.0 2 134
405.675995 111.448997 0 8951.0 2 125
387.645996 56.2267 0 8342.0 2 117
593.98999 154.623001 0 5048.0 2 112
593.98999 93.376503 0 5049.0 2 113
370.618011 150.606995 0 5848.0 2 161
370.618011 97.3927 0 5854.0 2 141
378.631012 122.494003 0 6706.0 2 83
387.645996 191.772995 0 8303.0 2 118
