482.804993 127.514 0 11710.0 2 38
482.804993 120.486 0 11680.0 2 11
0.0 73.295502 0 2214.0 2 134
0.0 176.712997 0 2249.0 2 135
385.643005 38.153801 0 8680.0 2 82
385.643005 209.845993 0 8676.0 2 76
360.601013 194.785004 0 8106.0 2 118
360.601013 53.2146 0 8046.0 2 117
379.632996 132.533997 0 7720.0 2 120
379.632996 115.466003 0 7644.0 2 125
358.597992 122.494003 0 7500.0 2 101
340.567993 123.498001 0 6517.0 2 83
386.644012 0.0 0 5629.0 2 127
386.644012 248.0 0 5627.0 2 130
538.89801 96.388702 0 5572.0 2 113
541.903015 152.615005 0 5567.0 2 112
389.648987 138.559006 0 4482.0 2 131
