493.822998 127.514 0 11370.0 2 38
0.0 82.332001 0 3771.0 2 134
0.0 167.675995 0 3780.0 2 135
493.822998 120.486 0 11360.0 2 11
392.653992 211.854004 0 9222.0 2 76
392.653992 36.145699 0 9215.0 2 82
367.613007 194.785004 0 8800.0 2 118
367.613007 53.2146 0 8757.0 2 117
399.665985 215.869995 0 8347.0 2 144
388.64801 133.537994 0 7903.0 2 120
388.64801 114.461998 0 7856.0 2 125
362.604004 122.494003 0 7111.0 2 83
360.601013 98.396797 0 6190.0 2 141
360.601013 149.602997 0 6187.0 2 140
564.942017 92.372498 0 5414.0 2 113
564.942017 155.628006 0 5410.0 2 112
357.596008 248.0 0 5294.0 2 146
357.596008 0.0 0 5287.0 2 147
