504.841003 120.486 0 11200.0 2 11
504.841003 127.514 0 11180.0 2 38
0.0 191.772995 0 2618.0 2 150
0.0 58.234798 0 2624.0 2 149
0.0 86.348198 0 4524.0 2 134
0.0 163.660004 0 4533.0 2 135
400.667999 213.862 0 9594.0 2 76
400.667999 34.137699 0 9582.0 2 82
394.65799 137.554993 0 9456.0 2 120
394.65799 110.445 0 9415.0 2 125
376.627991 55.222698 0 8635.0 2 117
376.627991 192.776993 0 8632.0 2 118
368.614014 122.494003 0 6857.0 2 83
364.608002 98.396797 0 6081.0 2 141
364.608002 149.602997 0 6066.0 2 140
582.971985 91.368401 0 5309.0 2 113
582.971985 156.632004 0 5308.0 2 112
