508.847992 127.514 0 10990.0 2 38
509.850006 120.486 0 10960.0 2 11
0.0 56.2267 0 2780.0 2 149
399.665985 136.550995 0 9737.0 2 120
0.0 193.781006 0 2797.0 2 150
399.665985 111.448997 0 9669.0 2 125
404.674011 214.865997 0 9625.0 2 76
404.674011 33.133598 0 9614.0 2 82
380.634003 192.776993 0 8487.0 2 118
381.635986 56.2267 0 8477.0 2 117
413.688995 219.886993 0 7754.0 2 160
0.0 88.3563 0 4719.0 2 134
0.0 161.651993 0 4726.0 2 135
372.621002 122.494003 0 6774.0 2 83
366.610992 98.396797 0 5958.0 2 141
366.610992 149.602997 0 5938.0 2 140
592.987976 157.636002 0 5251.0 2 112
592.987976 90.364403 0 5250.0 2 113
