506.845001 127.514 0 11120.0 2 38
0.0 57.230801 0 2716.0 2 149
506.845001 120.486 0 11110.0 2 11
0.0 192.776993 0 2723.0 2 150
396.661011 137.554993 0 9569.0 2 120
0.0 87.352203 0 4635.0 2 134
396.661011 110.445 0 9532.0 2 125
0.0 162.656006 0 4644.0 2 135
403.673004 214.865997 0 9520.0 2 76
403.673004 33.133598 0 9493.0 2 82
378.631012 192.776993 0 8587.0 2 118
378.631012 55.222698 0 8584.0 2 117
370.618011 122.494003 0 6811.0 2 83
365.609009 98.396797 0 6024.0 2 141
365.609009 149.602997 0 6006.0 2 140
585.97699 91.368401 0 5282.0 2 113
585.97699 156.632004 0 5279.0 2 112
