442.738007 225.910995 0 12220.0 2 76
0.0 103.417 0 3141.0 2 134
443.73999 22.0891 0 12220.0 2 82
0.0 146.591003 0 3145.0 2 135
444.740997 226.914993 0 11920.0 2 185
544.90802 118.477997 0 10390.0 2 11
0.0 45.182201 0 4041.0 2 149
0.0 204.826004 0 4043.0 2 150
446.744995 227.919006 0 10320.0 2 187
431.720001 107.432999 0 5306.0 2 125
431.720001 140.567001 0 5360.0 2 120
396.661011 124.501999 0 7050.0 2 83
409.683014 137.554993 0 7148.0 2 179
409.683014 110.445 0 7156.0 2 177
545.909973 128.518005 0 10290.0 2 38
