475.792999 126.510002 0 12080.0 2 38
379.632996 0.0 0 5622.0 2 127
473.790009 120.486 0 11990.0 2 11
379.632996 40.1619 0 8379.0 2 82
379.632996 207.837997 0 8373.0 2 76
355.592987 122.494003 0 7718.0 2 101
379.632996 248.0 0 5625.0 2 130
372.621002 114.461998 0 7713.0 2 125
372.621002 133.537994 0 7703.0 2 120
355.592987 195.789001 0 7418.0 2 118
355.592987 52.210499 0 7375.0 2 117
335.55899 123.498001 0 6837.0 2 83
531.885986 95.384598 0 5801.0 2 113
531.885986 152.615005 0 5795.0 2 112
