479.799988 127.514 0 11820.0 2 38
388.64801 139.563004 0 4398.0 2 131
479.799988 120.486 0 11790.0 2 11
535.893005 151.610992 0 5655.0 2 112
382.638 39.157902 0 8556.0 2 82
382.638 208.841995 0 8545.0 2 76
358.597992 195.789001 0 7827.0 2 118
358.597992 52.210499 0 7757.0 2 117
535.893005 96.388702 0 5660.0 2 113
377.628998 132.533997 0 7718.0 2 120
377.628998 115.466003 0 7658.0 2 125
357.596008 122.494003 0 7591.0 2 101
339.56601 123.498001 0 6583.0 2 83
384.640991 248.0 0 5838.0 2 130
384.640991 0.0 0 5838.0 2 127
