478.798004 126.510002 0 11960.0 2 38
476.795013 120.486 0 11890.0 2 11
534.890991 152.615005 0 5724.0 2 112
381.635986 208.841995 0 8413.0 2 76
381.635986 39.157902 0 8404.0 2 82
374.623993 132.533997 0 7677.0 2 120
356.593994 122.494003 0 7663.0 2 101
374.623993 114.461998 0 7659.0 2 125
357.596008 194.785004 0 7557.0 2 118
534.890991 95.384598 0 5731.0 2 113
357.596008 53.2146 0 7513.0 2 117
382.638 0.0 0 5832.0 2 127
337.562988 123.498001 0 6695.0 2 83
382.638 248.0 0 5834.0 2 130
