490.817993 127.514 0 11430.0 2 38
490.817993 120.486 0 11400.0 2 11
0.0 80.323898 0 3453.0 2 134
0.0 169.684006 0 3456.0 2 135
391.653015 211.854004 0 9000.0 2 76
390.651001 37.149799 0 8983.0 2 82
365.609009 194.785004 0 8790.0 2 118
365.609009 53.2146 0 8749.0 2 117
385.643005 133.537994 0 7754.0 2 120
386.644012 114.461998 0 7723.0 2 125
361.602997 122.494003 0 7197.0 2 83
359.598999 98.396797 0 6182.0 2 141
358.597992 149.602997 0 6181.0 2 140
558.932007 93.376503 0 5444.0 2 113
558.932007 154.623001 0 5443.0 2 112
