517.862976 119.482002 0 10580.0 2 11
0.0 196.794006 0 3283.0 2 150
517.862976 128.518005 0 10520.0 2 38
417.696014 29.117399 0 9460.0 2 82
0.0 54.218601 0 3284.0 2 149
0.0 157.636002 0 4666.0 2 135
417.696014 218.882996 0 9449.0 2 76
0.0 92.372498 0 4673.0 2 134
407.678986 136.550995 0 8436.0 2 120
593.98999 153.619003 0 4926.0 2 112
407.678986 111.448997 0 8337.0 2 125
390.651001 191.772995 0 8257.0 2 118
593.98999 94.3806 0 4929.0 2 113
372.621002 150.606995 0 5780.0 2 161
372.621002 97.3927 0 5796.0 2 141
380.634003 122.494003 0 6695.0 2 83
390.651001 57.230801 0 8254.0 2 117
