521.869995 119.482002 0 10730.0 2 11
521.869995 128.518005 0 10660.0 2 38
0.0 52.210499 0 3574.0 2 149
0.0 197.798004 0 3593.0 2 150
0.0 155.628006 0 4484.0 2 135
421.703003 28.1134 0 9706.0 2 82
0.0 94.3806 0 4493.0 2 134
421.703003 219.886993 0 9690.0 2 76
593.98999 151.610992 0 4630.0 2 112
395.658997 57.230801 0 8058.0 2 117
596.994995 95.384598 0 4634.0 2 113
374.623993 150.606995 0 5641.0 2 161
375.626007 97.3927 0 5659.0 2 141
384.640991 122.494003 0 6709.0 2 83
411.686005 110.445 0 7226.0 2 125
411.686005 137.554993 0 7305.0 2 120
395.658997 191.772995 0 8040.0 2 118
