485.809998 127.514 0 11590.0 2 38
485.809998 120.486 0 11570.0 2 11
0.0 70.283401 0 2836.0 2 134
0.0 179.725006 0 2843.0 2 135
386.644012 38.153801 0 8783.0 2 82
386.644012 209.845993 0 8752.0 2 76
362.604004 194.785004 0 8384.0 2 118
362.604004 53.2146 0 8318.0 2 117
381.635986 132.533997 0 7649.0 2 120
381.635986 114.461998 0 7640.0 2 125
359.598999 122.494003 0 7398.0 2 83
548.914978 94.3806 0 5507.0 2 113
551.919983 154.623001 0 5506.0 2 112
387.645996 0.0 0 5376.0 2 127
387.645996 248.0 0 5375.0 2 130
391.653015 138.559006 0 4578.0 2 131
