513.856018 127.514 0 10640.0 2 38
0.0 55.222698 0 3087.0 2 149
513.856018 120.486 0 10570.0 2 11
408.681 215.869995 0 9514.0 2 76
0.0 194.785004 0 3093.0 2 150
403.673004 136.550995 0 9511.0 2 120
408.681 32.129601 0 9508.0 2 82
403.673004 111.448997 0 9410.0 2 125
385.643005 56.2267 0 8441.0 2 117
385.643005 191.772995 0 8424.0 2 118
376.627991 122.494003 0 6722.0 2 83
0.0 90.364403 0 4763.0 2 134
0.0 159.643997 0 4763.0 2 135
369.615997 150.606995 0 5899.0 2 161
369.615997 97.3927 0 5897.0 2 141
592.987976 92.372498 0 5145.0 2 113
593.98999 155.628006 0 5144.0 2 112
