265.441986 124.501999 0 7422.0 2 11
261.436005 146.591003 0 7395.0 2 25
261.436005 101.408997 0 7385.0 2 26
219.365997 83.335999 0 7003.0 2 1
274.457001 105.425003 0 4146.0 2 34
274.457001 142.574997 0 4146.0 2 33
219.365997 164.664001 0 6992.0 2 5
228.380997 91.368401 0 6127.0 2 31
228.380997 156.632004 0 6110.0 2 30
219.365997 153.619003 0 6040.0 2 4
222.371002 186.753006 0 4458.0 2 8
219.365997 94.3806 0 6036.0 2 2
207.345993 124.501999 0 5777.0 2 22
222.371002 61.247002 0 4459.0 2 7
