519.866028 119.482002 0 10690.0 2 11
519.866028 128.518005 0 10620.0 2 38
0.0 53.2146 0 3470.0 2 149
420.700989 28.1134 0 9516.0 2 82
419.699005 219.886993 0 9507.0 2 76
421.703003 220.891006 0 9285.0 2 162
0.0 196.794006 0 3475.0 2 150
392.653992 56.2267 0 8156.0 2 117
392.653992 191.772995 0 8144.0 2 118
0.0 156.632004 0 4586.0 2 135
0.0 93.376503 0 4594.0 2 134
593.98999 152.615005 0 4786.0 2 112
593.98999 95.384598 0 4789.0 2 113
373.622986 150.606995 0 5713.0 2 161
373.622986 97.3927 0 5730.0 2 141
382.638 122.494003 0 6696.0 2 83
409.683014 111.448997 0 7646.0 2 125
409.683014 136.550995 0 7733.0 2 120
