-5.000000000000000000e-01
-4.932885906039999879e-01
-4.865771812079999759e-01
-4.798657718120000193e-01
-4.731543624160000072e-01
-4.664429530199999951e-01
-4.597315436239999831e-01
-4.530201342280000265e-01
-4.463087248320000144e-01
-4.395973154360000024e-01
-4.328859060399999903e-01
-4.261744966439999782e-01
-4.194630872479999661e-01
-4.127516778520000096e-01
-4.060402684559999975e-01
-3.993288590599999854e-01
-3.926174496640000289e-01
-3.859060402680000168e-01
-3.791946308720000047e-01
-3.724832214759999927e-01
-3.657718120799999806e-01
-3.590604026839999685e-01
-3.523489932880000119e-01
-3.456375838919999999e-01
-3.389261744959999878e-01
-3.322147651000000312e-01
-3.255033557040000192e-01
-3.187919463080000071e-01
-3.120805369119999950e-01
-3.053691275159999829e-01
-2.986577181199999709e-01
-2.919463087240000143e-01
-2.852348993280000022e-01
-2.785234899319999902e-01
-2.718120805360000336e-01
-2.651006711400000215e-01
-2.583892617440000095e-01
-2.516778523479999974e-01
-2.449664429519999853e-01
-2.382550335560000287e-01
-2.315436241600000167e-01
-2.248322147640000046e-01
-2.181208053679999925e-01
-2.114093959719999805e-01
-2.046979865760000239e-01
-1.979865771800000118e-01
-1.912751677839999997e-01
-1.845637583879999877e-01
-1.778523489919999756e-01
-1.711409395960000190e-01
-1.644295302000000070e-01
-1.577181208039999949e-01
-1.510067114079999828e-01
-1.442953020120000263e-01
-1.375838926160000142e-01
-1.308724832200000021e-01
-1.241610738239999900e-01
-1.174496644279999780e-01
-1.107382550320000214e-01
-1.040268456360000093e-01
-9.731543623999999726e-02
-9.060402684399998519e-02
-8.389261744800002862e-02
-7.718120805200001655e-02
-7.046979865600000448e-02
-6.375838925999999240e-02
-5.704697986399998033e-02
-5.033557046800002377e-02
-4.362416107200001170e-02
-3.691275167599999962e-02
-3.020134227999998755e-02
-2.348993288400003099e-02
-1.677852348800001892e-02
-1.006711409200000684e-02
-3.355704695999994769e-03
3.355704700000017304e-03
1.006711409600002938e-02
1.677852349200004145e-02
2.348993288799994250e-02
3.020134228399995457e-02
3.691275167999996665e-02
4.362416107599997872e-02
5.033557047199999079e-02
5.704697986800000287e-02
6.375838926400001494e-02
7.046979866000002701e-02
7.718120805600003909e-02
8.389261745199994014e-02
9.060402684799995221e-02
9.731543624399996428e-02
1.040268456399999764e-01
1.107382550359999884e-01
1.174496644320000005e-01
1.241610738280000126e-01
1.308724832240000246e-01
1.375838926200000367e-01
1.442953020160000488e-01
1.510067114119999498e-01
1.577181208079999619e-01
1.644295302039999740e-01
1.711409395999999861e-01
1.778523489959999981e-01
1.845637583920000102e-01
1.912751677880000223e-01
1.979865771840000344e-01
2.046979865800000464e-01
2.114093959759999475e-01
2.181208053719999596e-01
2.248322147679999716e-01
2.315436241639999837e-01
2.382550335599999958e-01
2.449664429560000078e-01
2.516778523520000199e-01
2.583892617480000320e-01
2.651006711440000441e-01
2.718120805399999451e-01
2.785234899359999572e-01
2.852348993319999693e-01
2.919463087279999813e-01
2.986577181239999934e-01
3.053691275200000055e-01
3.120805369160000176e-01
3.187919463120000296e-01
3.255033557080000417e-01
3.322147651039999428e-01
3.389261744999999548e-01
3.456375838959999669e-01
3.523489932919999790e-01
3.590604026879999910e-01
3.657718120840000031e-01
3.724832214800000152e-01
3.791946308760000273e-01
3.859060402720000393e-01
3.926174496679999404e-01
3.993288590639999525e-01
4.060402684599999645e-01
4.127516778559999766e-01
4.194630872519999887e-01
4.261744966480000008e-01
4.328859060440000128e-01
4.395973154400000249e-01
4.463087248360000370e-01
4.530201342319999380e-01
4.597315436279999501e-01
4.664429530239999622e-01
4.731543624199999742e-01
4.798657718159999863e-01
4.865771812119999984e-01
4.932885906080000105e-01
5.000000000039999115e-01
