-5.000000000000000000e-01
-4.933184855234000188e-01
-4.866369710467999821e-01
-4.799554565702000009e-01
-4.732739420936000196e-01
-4.665924276169999829e-01
-4.599109131404000017e-01
-4.532293986638000205e-01
-4.465478841871999838e-01
-4.398663697106000026e-01
-4.331848552339999658e-01
-4.265033407573999846e-01
-4.198218262808000034e-01
-4.131403118041999667e-01
-4.064587973275999855e-01
-3.997772828510000043e-01
-3.930957683743999675e-01
-3.864142538977999863e-01
-3.797327394212000051e-01
-3.730512249445999684e-01
-3.663697104679999872e-01
-3.596881959914000060e-01
-3.530066815147999693e-01
-3.463251670381999880e-01
-3.396436525616000068e-01
-3.329621380849999701e-01
-3.262806236083999889e-01
-3.195991091318000077e-01
-3.129175946551999710e-01
-3.062360801785999898e-01
-2.995545657020000085e-01
-2.928730512253999718e-01
-2.861915367487999906e-01
-2.795100222722000094e-01
-2.728285077955999727e-01
-2.661469933189999915e-01
-2.594654788424000103e-01
-2.527839643657999735e-01
-2.461024498891999923e-01
-2.394209354126000111e-01
-2.327394209359999744e-01
-2.260579064593999932e-01
-2.193763919828000120e-01
-2.126948775061999752e-01
-2.060133630295999940e-01
-1.993318485530000128e-01
-1.926503340763999761e-01
-1.859688195997999949e-01
-1.792873051232000137e-01
-1.726057906465999769e-01
-1.659242761699999957e-01
-1.592427616933999590e-01
-1.525612472167999778e-01
-1.458797327401999966e-01
-1.391982182635999599e-01
-1.325167037869999787e-01
-1.258351893103999974e-01
-1.191536748337999607e-01
-1.124721603571999795e-01
-1.057906458805999983e-01
-9.910913140399996157e-02
-9.242761692739998036e-02
-8.574610245079999915e-02
-7.906458797419996243e-02
-7.238307349759998122e-02
-6.570155902100000000e-02
-5.902004454439996328e-02
-5.233853006779998207e-02
-4.565701559120000086e-02
-3.897550111459996414e-02
-3.229398663799998292e-02
-2.561247216140000171e-02
-1.893095768479996499e-02
-1.224944320819998378e-02
-5.567928731600002568e-03
1.113585744999978644e-03
7.795100221600015367e-03
1.447661469820005209e-02
2.115812917479997779e-02
2.783964365140001451e-02
3.452115812800005124e-02
4.120267260459997694e-02
4.788418708120001366e-02
5.456570155780005038e-02
6.124721603439997608e-02
6.792873051100001280e-02
7.461024498760004953e-02
8.129175946419997523e-02
8.797327394080001195e-02
9.465478841740004867e-02
1.013363028939999744e-01
1.080178173706000111e-01
1.146993318472000478e-01
1.213808463237999735e-01
1.280623608004000102e-01
1.347438752770000470e-01
1.414253897535999727e-01
1.481069042302000094e-01
1.547884187068000461e-01
1.614699331834000828e-01
1.681514476600000085e-01
1.748329621366000453e-01
1.815144766132000820e-01
1.881959910898000077e-01
1.948775055664000444e-01
2.015590200430000811e-01
2.082405345196000068e-01
2.149220489962000435e-01
2.216035634728000803e-01
2.282850779494000060e-01
2.349665924260000427e-01
2.416481069026000794e-01
2.483296213792000051e-01
2.550111358558000418e-01
2.616926503324000786e-01
2.683741648090000043e-01
2.750556792856000410e-01
2.817371937622000777e-01
2.884187082388000034e-01
2.951002227154000401e-01
3.017817371920000769e-01
3.084632516686000026e-01
3.151447661452000393e-01
3.218262806218000760e-01
3.285077950984000017e-01
3.351893095750000384e-01
3.418708240516000751e-01
3.485523385282000008e-01
3.552338530048000376e-01
3.619153674814000743e-01
3.685968819580000000e-01
3.752783964346000367e-01
3.819599109112000734e-01
3.886414253877999991e-01
3.953229398644000359e-01
4.020044543410000726e-01
4.086859688175999983e-01
4.153674832942000350e-01
4.220489977708000717e-01
4.287305122473999974e-01
4.354120267240000342e-01
4.420935412006000709e-01
4.487750556771999966e-01
4.554565701538000333e-01
4.621380846304000700e-01
4.688195991069999957e-01
4.755011135836000324e-01
4.821826280602000692e-01
4.888641425367999949e-01
4.955456570134000316e-01
5.022271714899999573e-01
5.089086859666001050e-01
5.155902004432000307e-01
5.222717149197999564e-01
5.289532293964001042e-01
5.356347438730000299e-01
5.423162583495999556e-01
5.489977728262001033e-01
5.556792873028000290e-01
5.623608017793999547e-01
5.690423162560001025e-01
5.757238307326000282e-01
5.824053452091999539e-01
5.890868596858001016e-01
5.957683741624000273e-01
6.024498886389999530e-01
6.091314031156001008e-01
6.158129175922000265e-01
6.224944320687999522e-01
6.291759465454000999e-01
6.358574610220000256e-01
6.425389754985999513e-01
6.492204899752000991e-01
6.559020044518000248e-01
6.625835189283999505e-01
6.692650334050000982e-01
6.759465478816000239e-01
6.826280623581999496e-01
6.893095768348000973e-01
6.959910913114000230e-01
7.026726057879999487e-01
7.093541202646000965e-01
7.160356347412000222e-01
7.227171492177999479e-01
7.293986636944000956e-01
7.360801781710000213e-01
7.427616926475999470e-01
7.494432071242000948e-01
7.561247216008000205e-01
7.628062360773999462e-01
7.694877505540000939e-01
7.761692650306000196e-01
7.828507795071999453e-01
7.895322939838000931e-01
7.962138084604000188e-01
8.028953229370001665e-01
8.095768374136000922e-01
8.162583518902000179e-01
8.229398663668001657e-01
8.296213808434000914e-01
8.363028953200000171e-01
8.429844097966001648e-01
8.496659242732000905e-01
8.563474387498000162e-01
8.630289532264001640e-01
8.697104677030000897e-01
8.763919821796000154e-01
8.830734966562001631e-01
8.897550111328000888e-01
8.964365256094000145e-01
9.031180400860001622e-01
9.097995545626000879e-01
9.164810690392000136e-01
9.231625835158001614e-01
9.298440979924000871e-01
9.365256124690000128e-01
9.432071269456001605e-01
9.498886414222000862e-01
9.565701558988000119e-01
9.632516703754001597e-01
9.699331848520000854e-01
9.766146993286000111e-01
9.832962138052001588e-01
9.899777282818000845e-01
9.966592427584000102e-01
1.003340757235000158e+00
1.010022271711600084e+00
1.016703786188200009e+00
1.023385300664800157e+00
1.030066815141400083e+00
1.036748329618000009e+00
1.043429844094600156e+00
1.050111358571200082e+00
1.056792873047800008e+00
1.063474387524400155e+00
1.070155902001000081e+00
1.076837416477600007e+00
1.083518930954200155e+00
1.090200445430800080e+00
1.096881959907400006e+00
1.103563474384000154e+00
1.110244988860600079e+00
1.116926503337200005e+00
1.123608017813800153e+00
1.130289532290400079e+00
1.136971046767000004e+00
1.143652561243600152e+00
1.150334075720200078e+00
1.157015590196800003e+00
1.163697104673400151e+00
1.170378619150000077e+00
1.177060133626600003e+00
1.183741648103200150e+00
1.190423162579800076e+00
1.197104677056400002e+00
1.203786191533000149e+00
1.210467706009600075e+00
1.217149220486200001e+00
1.223830734962800149e+00
1.230512249439400074e+00
1.237193763916000000e+00
1.243875278392600148e+00
1.250556792869200073e+00
1.257238307345799999e+00
1.263919821822400147e+00
1.270601336299000073e+00
1.277282850775599998e+00
1.283964365252200146e+00
1.290645879728800072e+00
1.297327394205399997e+00
1.304008908682000145e+00
1.310690423158600071e+00
1.317371937635199997e+00
1.324053452111800144e+00
1.330734966588400070e+00
1.337416481064999996e+00
1.344097995541600143e+00
1.350779510018200069e+00
1.357461024494799995e+00
1.364142538971400143e+00
1.370824053448000068e+00
1.377505567924599994e+00
1.384187082401200142e+00
1.390868596877800067e+00
1.397550111354399993e+00
1.404231625831000141e+00
1.410913140307600067e+00
1.417594654784199992e+00
1.424276169260800140e+00
1.430957683737400066e+00
1.437639198213999991e+00
1.444320712690600139e+00
1.451002227167200065e+00
1.457683741643799991e+00
1.464365256120400138e+00
1.471046770597000064e+00
1.477728285073599990e+00
1.484409799550200137e+00
1.491091314026800063e+00
1.497772828503399989e+00
1.504454342979999915e+00
1.511135857456600284e+00
1.517817371933200210e+00
1.524498886409800136e+00
1.531180400886400061e+00
1.537861915362999987e+00
1.544543429839599913e+00
1.551224944316200283e+00
1.557906458792800208e+00
1.564587973269400134e+00
1.571269487746000060e+00
1.577951002222599985e+00
1.584632516699199911e+00
1.591314031175800281e+00
1.597995545652400207e+00
1.604677060129000132e+00
1.611358574605600058e+00
1.618040089082199984e+00
1.624721603558799909e+00
1.631403118035400279e+00
1.638084632512000205e+00
1.644766146988600131e+00
1.651447661465200056e+00
1.658129175941799982e+00
1.664810690418399908e+00
1.671492204895000278e+00
1.678173719371600203e+00
1.684855233848200129e+00
1.691536748324800055e+00
1.698218262801399980e+00
1.704899777277999906e+00
1.711581291754600276e+00
1.718262806231200202e+00
1.724944320707800127e+00
1.731625835184400053e+00
1.738307349660999979e+00
1.744988864137599904e+00
1.751670378614200274e+00
1.758351893090800200e+00
1.765033407567400126e+00
1.771714922044000051e+00
1.778396436520599977e+00
1.785077950997199903e+00
1.791759465473800272e+00
1.798440979950400198e+00
1.805122494427000124e+00
1.811804008903600050e+00
1.818485523380199975e+00
1.825167037856799901e+00
1.831848552333400271e+00
1.838530066810000196e+00
1.845211581286600122e+00
1.851893095763200048e+00
1.858574610239799973e+00
1.865256124716399899e+00
1.871937639193000269e+00
1.878619153669600195e+00
1.885300668146200120e+00
1.891982182622800046e+00
1.898663697099399972e+00
1.905345211575999897e+00
1.912026726052600267e+00
1.918708240529200193e+00
1.925389755005800119e+00
1.932071269482400044e+00
1.938752783958999970e+00
1.945434298435599896e+00
1.952115812912200266e+00
1.958797327388800191e+00
1.965478841865400117e+00
1.972160356342000043e+00
1.978841870818599968e+00
1.985523385295199894e+00
1.992204899771800264e+00
1.998886414248400190e+00
2.005567928725000115e+00
2.012249443201600041e+00
2.018930957678199967e+00
2.025612472154799892e+00
2.032293986631400262e+00
2.038975501108000188e+00
2.045657015584600114e+00
2.052338530061200039e+00
2.059020044537799965e+00
2.065701559014399891e+00
2.072383073491000260e+00
2.079064587967600186e+00
2.085746102444200112e+00
2.092427616920800038e+00
2.099109131397399963e+00
2.105790645874000333e+00
2.112472160350600259e+00
2.119153674827200184e+00
2.125835189303800110e+00
2.132516703780400036e+00
2.139198218256999962e+00
2.145879732733600331e+00
2.152561247210200257e+00
2.159242761686800183e+00
2.165924276163400108e+00
2.172605790640000034e+00
2.179287305116599960e+00
2.185968819593200330e+00
2.192650334069800255e+00
2.199331848546400181e+00
2.206013363023000107e+00
2.212694877499600032e+00
2.219376391976199958e+00
2.226057906452800328e+00
2.232739420929400254e+00
2.239420935406000179e+00
2.246102449882600105e+00
2.252783964359200031e+00
2.259465478835799956e+00
2.266146993312400326e+00
2.272828507789000252e+00
2.279510022265600178e+00
2.286191536742200103e+00
2.292873051218800029e+00
2.299554565695399955e+00
2.306236080172000324e+00
2.312917594648600250e+00
2.319599109125200176e+00
2.326280623601800102e+00
2.332962138078400027e+00
2.339643652554999953e+00
2.346325167031600323e+00
2.353006681508200248e+00
2.359688195984800174e+00
2.366369710461400100e+00
2.373051224938000026e+00
2.379732739414599951e+00
2.386414253891200321e+00
2.393095768367800247e+00
2.399777282844400172e+00
2.406458797321000098e+00
2.413140311797600024e+00
2.419821826274199950e+00
2.426503340750800319e+00
2.433184855227400245e+00
2.439866369704000171e+00
2.446547884180600096e+00
2.453229398657200022e+00
2.459910913133799948e+00
2.466592427610400318e+00
2.473273942087000243e+00
2.479955456563600169e+00
2.486636971040200095e+00
2.493318485516800020e+00
2.499999999993399946e+00
