298.497009 118.477997 0.000000 4330.000000 2.000000
290.484009 124.501999 0.000000 15090.000000 3.000000
299.498993 93.376503 0.000000 3458.000000 2.000000
295.492004 91.368401 0.000000 5024.000000 3.000000
310.518005 101.408997 0.000000 5604.000000 3.000000
278.463989 0.000000 0.000000 2442.000000 2.000000
248.414001 84.340103 0.000000 9259.000000 3.000000
311.519012 105.425003 0.000000 2978.000000 2.000000
274.457001 171.692001 0.000000 2469.000000 2.000000
248.414001 163.660004 0.000000 9256.000000 3.000000
311.519012 142.574997 0.000000 2982.000000 2.000000
310.518005 146.591003 0.000000 5689.000000 3.000000
299.498993 114.461998 0.000000 6321.000000 3.000000
298.497009 130.526001 0.000000 4245.000000 2.000000
299.498993 133.537994 0.000000 6335.000000 3.000000
263.438995 126.510002 0.000000 4041.000000 2.000000
258.431000 123.498001 0.000000 7791.000000 3.000000
278.463989 156.632004 0.000000 36.009998 0.000000
