495.825989 122.494003 0.000000 7860.000000 2.000000
493.822998 127.514000 0.000000 11370.000000 3.000000
0.000000 87.352203 0.000000 1000.000000 2.000000
0.000000 82.332001 0.000000 3771.000000 3.000000
0.000000 167.675995 0.000000 3780.000000 3.000000
493.822998 120.486000 0.000000 11360.000000 3.000000
398.664001 215.869995 0.000000 7176.000000 2.000000
392.653992 211.854004 0.000000 9222.000000 3.000000
376.627991 49.198399 0.000000 5454.000000 2.000000
392.653992 36.145699 0.000000 9215.000000 3.000000
508.847992 137.554993 0.000000 3463.000000 2.000000
375.626007 198.802002 0.000000 5430.000000 2.000000
367.613007 194.785004 0.000000 8800.000000 3.000000
95.158600 248.000000 0.000000 774.299988 2.000000
367.613007 53.214600 0.000000 8757.000000 3.000000
372.621002 0.000000 0.000000 4150.000000 2.000000
399.665985 215.869995 0.000000 8347.000000 3.000000
370.618011 248.000000 0.000000 4151.000000 2.000000
380.634003 132.533997 0.000000 5044.000000 2.000000
388.648010 133.537994 0.000000 7903.000000 3.000000
380.634003 115.466003 0.000000 4962.000000 2.000000
388.648010 114.461998 0.000000 7856.000000 3.000000
362.604004 122.494003 0.000000 7111.000000 3.000000
364.608002 103.417000 0.000000 4846.000000 2.000000
360.601013 98.396797 0.000000 6190.000000 3.000000
364.608002 144.582993 0.000000 4845.000000 2.000000
360.601013 149.602997 0.000000 6187.000000 3.000000
510.851013 110.445000 0.000000 3451.000000 2.000000
564.942017 92.372498 0.000000 5414.000000 3.000000
564.942017 155.628006 0.000000 5410.000000 3.000000
403.673004 138.559006 0.000000 1926.000000 2.000000
357.596008 248.000000 0.000000 5294.000000 3.000000
600.000000 184.744995 0.000000 1511.000000 2.000000
600.000000 63.255100 0.000000 1529.000000 2.000000
357.596008 0.000000 0.000000 5287.000000 3.000000
517.862976 67.271301 0.000000 27.830000 0.000000
