304.507996 123.498001 0.000000 7290.000000 2.000000
304.507996 118.477997 0.000000 9829.000000 3.000000
341.569000 149.602997 0.000000 2968.000000 2.000000
304.507996 165.667999 0.000000 5678.000000 3.000000
304.507996 129.522003 0.000000 9787.000000 3.000000
273.455994 122.494003 0.000000 3559.000000 2.000000
267.446014 123.498001 0.000000 8925.000000 3.000000
311.519012 114.461998 0.000000 5669.000000 2.000000
287.479004 74.299599 0.000000 2524.000000 2.000000
257.428986 83.335999 0.000000 7521.000000 3.000000
341.569000 98.396797 0.000000 2964.000000 2.000000
304.507996 82.332001 0.000000 5693.000000 3.000000
262.437012 171.692001 0.000000 6255.000000 2.000000
257.428986 164.664001 0.000000 7508.000000 3.000000
267.446014 173.699997 0.000000 7276.000000 3.000000
282.471008 175.707993 0.000000 2542.000000 2.000000
315.526001 109.441002 0.000000 7088.000000 3.000000
311.519012 132.533997 0.000000 5534.000000 2.000000
315.526001 138.559006 0.000000 7141.000000 3.000000
289.481995 160.647995 0.000000 29.490000 0.000000
