510.851013 124.501999 0.000000 6554.000000 2.000000
511.852997 127.514000 0.000000 10820.000000 3.000000
511.852997 120.486000 0.000000 10790.000000 3.000000
0.000000 175.707993 0.000000 773.599976 2.000000
0.000000 193.781006 0.000000 2905.000000 3.000000
395.658997 133.537994 0.000000 4817.000000 2.000000
401.669006 136.550995 0.000000 9734.000000 3.000000
395.658997 114.461998 0.000000 4827.000000 2.000000
401.669006 111.448997 0.000000 9648.000000 3.000000
387.645996 201.813995 0.000000 6445.000000 2.000000
407.678986 215.869995 0.000000 9492.000000 3.000000
531.885986 139.563004 0.000000 3302.000000 2.000000
388.648010 46.186199 0.000000 6433.000000 2.000000
407.678986 32.129601 0.000000 9473.000000 3.000000
383.639008 56.226700 0.000000 8478.000000 3.000000
383.639008 191.772995 0.000000 8462.000000 3.000000
600.000000 66.267197 0.000000 773.700012 2.000000
83.138603 248.000000 0.000000 773.599976 2.000000
374.623993 122.494003 0.000000 6745.000000 3.000000
374.623993 145.587006 0.000000 4525.000000 2.000000
368.614014 150.606995 0.000000 5928.000000 3.000000
374.623993 103.417000 0.000000 4517.000000 2.000000
368.614014 97.392700 0.000000 5919.000000 3.000000
430.717987 149.602997 0.000000 1611.000000 2.000000
530.885010 108.436996 0.000000 3238.000000 2.000000
592.987976 91.368401 0.000000 5220.000000 3.000000
592.987976 156.632004 0.000000 5219.000000 3.000000
0.000000 96.388702 0.000000 1000.000000 2.000000
0.000000 160.647995 0.000000 4767.000000 3.000000
0.000000 89.360298 0.000000 4764.000000 3.000000
0.000000 65.263199 0.000000 773.599976 2.000000
0.000000 56.226700 0.000000 2911.000000 3.000000
84.140198 0.000000 0.000000 773.599976 2.000000
543.906006 180.729004 0.000000 23.469999 0.000000
