600.000000 179.725006 0.000000 780.400024 2.000000
446.744995 226.914993 0.000000 12230.000000 3.000000
0.000000 112.453003 0.000000 1000.000000 2.000000
0.000000 104.420998 0.000000 3033.000000 3.000000
0.000000 145.587006 0.000000 3038.000000 3.000000
600.000000 68.275299 0.000000 780.700012 2.000000
446.744995 21.084999 0.000000 12210.000000 3.000000
0.000000 80.323898 0.000000 492.500000 2.000000
1.001670 0.000000 0.000000 492.500000 2.000000
0.000000 44.178101 0.000000 3992.000000 3.000000
1.001670 248.000000 0.000000 492.000000 2.000000
0.000000 205.830002 0.000000 4000.000000 3.000000
427.713013 110.445000 0.000000 3334.000000 2.000000
433.722992 106.429001 0.000000 5213.000000 3.000000
426.710999 137.554993 0.000000 3269.000000 2.000000
433.722992 140.567001 0.000000 5252.000000 3.000000
404.674011 117.473999 0.000000 5610.000000 2.000000
397.662994 124.501999 0.000000 7020.000000 3.000000
403.673004 129.522003 0.000000 5605.000000 2.000000
410.683990 137.554993 0.000000 7259.000000 3.000000
410.683990 110.445000 0.000000 7263.000000 3.000000
453.756012 143.578995 0.000000 1474.000000 2.000000
545.909973 124.501999 0.000000 5226.000000 2.000000
547.913025 128.518005 0.000000 10320.000000 3.000000
546.911011 118.477997 0.000000 10440.000000 3.000000
0.000000 180.729004 0.000000 14.890000 0.000000
