310.518005 124.501999 0.000000 7475.000000 2.000000
311.519012 127.514000 0.000000 11580.000000 3.000000
311.519012 120.486000 0.000000 11570.000000 3.000000
324.540985 168.679993 0.000000 3237.000000 2.000000
347.579010 161.651993 0.000000 4399.000000 3.000000
281.468994 125.505997 0.000000 3779.000000 2.000000
274.457001 124.501999 0.000000 10120.000000 3.000000
268.446991 173.699997 0.000000 5384.000000 2.000000
275.459015 176.712997 0.000000 7494.000000 3.000000
317.528992 117.473999 0.000000 6012.000000 2.000000
320.533997 113.457001 0.000000 7486.000000 3.000000
290.484009 70.283401 0.000000 2524.000000 2.000000
275.459015 71.287498 0.000000 7484.000000 3.000000
317.528992 131.529999 0.000000 5979.000000 2.000000
320.533997 134.542999 0.000000 7483.000000 3.000000
324.540985 78.315804 0.000000 3201.000000 2.000000
347.579010 86.348198 0.000000 4438.000000 3.000000
265.441986 169.684006 0.000000 6570.000000 3.000000
290.484009 178.720993 0.000000 2540.000000 2.000000
310.518005 78.315804 0.000000 5616.000000 3.000000
360.601013 97.392700 0.000000 3103.000000 2.000000
309.515991 170.688004 0.000000 5620.000000 3.000000
360.601013 150.606995 0.000000 3103.000000 2.000000
298.497009 161.651993 0.000000 25.440001 0.000000
