207.345993 124.501999 0.000000 2495.000000 2.000000
225.376007 124.501999 0.000000 7087.000000 3.000000
252.421005 133.537994 0.000000 1498.000000 2.000000
199.332001 146.591003 0.000000 5545.000000 3.000000
198.330994 62.250999 0.000000 1597.000000 2.000000
200.334000 61.247002 0.000000 2581.000000 3.000000
239.399002 106.429001 0.000000 1481.000000 2.000000
199.332001 101.408997 0.000000 5543.000000 3.000000
198.330994 185.748993 0.000000 1597.000000 2.000000
200.334000 186.753006 0.000000 2581.000000 3.000000
198.330994 160.647995 0.000000 4721.000000 3.000000
199.332001 124.501999 0.000000 3497.000000 3.000000
226.376999 154.623001 0.000000 1000.000000 2.000000
198.330994 87.352203 0.000000 4720.000000 3.000000
227.378998 0.000000 0.000000 1000.000000 2.000000
192.320999 123.498001 0.000000 195.699997 0.000000
