281.468994 99.400803 0.000000 3499.000000 2.000000
273.455994 97.392700 0.000000 8401.000000 3.000000
261.436005 159.643997 0.000000 2378.000000 2.000000
273.455994 150.606995 0.000000 8387.000000 3.000000
285.476013 102.413002 0.000000 4426.000000 3.000000
239.399002 125.505997 0.000000 1728.000000 2.000000
233.389008 123.498001 0.000000 4899.000000 3.000000
261.436005 87.352203 0.000000 2372.000000 2.000000
237.395996 165.667999 0.000000 4306.000000 2.000000
237.395996 160.647995 0.000000 8103.000000 3.000000
237.395996 81.327904 0.000000 4246.000000 2.000000
237.395996 87.352203 0.000000 8097.000000 3.000000
292.487000 113.457001 0.000000 2047.000000 2.000000
279.466003 124.501999 0.000000 8053.000000 3.000000
226.376999 166.671997 0.000000 7195.000000 3.000000
226.376999 81.327904 0.000000 7187.000000 3.000000
292.487000 134.542999 0.000000 2046.000000 2.000000
259.432007 147.595001 0.000000 83.010002 0.000000
