514.857971 124.501999 0.000000 6273.000000 2.000000
514.857971 119.482002 0.000000 10490.000000 3.000000
514.857971 128.518005 0.000000 10470.000000 3.000000
1.001670 0.000000 0.000000 773.900024 2.000000
0.000000 54.218601 0.000000 3197.000000 3.000000
0.000000 185.748993 0.000000 773.900024 2.000000
0.000000 195.789001 0.000000 3215.000000 3.000000
392.653992 203.822006 0.000000 6608.000000 2.000000
411.686005 216.873993 0.000000 9375.000000 3.000000
534.890991 139.563004 0.000000 3258.000000 2.000000
0.000000 98.396797 0.000000 1000.000000 2.000000
0.000000 158.639999 0.000000 4732.000000 3.000000
391.653015 47.190300 0.000000 6600.000000 2.000000
411.686005 31.125500 0.000000 9368.000000 3.000000
399.665985 133.537994 0.000000 4836.000000 2.000000
405.675995 136.550995 0.000000 9056.000000 3.000000
0.000000 91.368401 0.000000 4736.000000 3.000000
398.664001 114.461998 0.000000 4850.000000 2.000000
405.675995 111.448997 0.000000 8951.000000 3.000000
387.645996 56.226700 0.000000 8342.000000 3.000000
0.000000 75.303596 0.000000 773.900024 2.000000
593.989990 154.623001 0.000000 5048.000000 3.000000
600.000000 66.267197 0.000000 774.000000 2.000000
534.890991 108.436996 0.000000 3172.000000 2.000000
593.989990 93.376503 0.000000 5049.000000 3.000000
377.628998 145.587006 0.000000 4447.000000 2.000000
370.618011 150.606995 0.000000 5848.000000 3.000000
377.628998 103.417000 0.000000 4428.000000 2.000000
370.618011 97.392700 0.000000 5854.000000 3.000000
378.631012 122.494003 0.000000 6706.000000 3.000000
432.721008 148.598999 0.000000 1589.000000 2.000000
387.645996 191.772995 0.000000 8303.000000 3.000000
77.128502 248.000000 0.000000 773.900024 2.000000
551.919983 179.725006 0.000000 22.430000 0.000000
