299.498993 118.477997 0.000000 4849.000000 2.000000
292.487000 124.501999 0.000000 13350.000000 3.000000
301.502991 92.372498 0.000000 3535.000000 2.000000
297.496002 89.360298 0.000000 4966.000000 3.000000
312.520996 102.413002 0.000000 6132.000000 3.000000
275.459015 75.303596 0.000000 2462.000000 2.000000
249.416000 84.340103 0.000000 8943.000000 3.000000
275.459015 171.692001 0.000000 2475.000000 2.000000
249.416000 163.660004 0.000000 8925.000000 3.000000
312.520996 106.429001 0.000000 3428.000000 2.000000
311.519012 141.570999 0.000000 3407.000000 2.000000
312.520996 145.587006 0.000000 6162.000000 3.000000
300.501007 115.466003 0.000000 7097.000000 3.000000
299.498993 128.518005 0.000000 4813.000000 2.000000
300.501007 132.533997 0.000000 7106.000000 3.000000
265.441986 126.510002 0.000000 3875.000000 2.000000
260.433990 125.505997 0.000000 7756.000000 3.000000
280.467010 156.632004 0.000000 36.150002 0.000000
