358.597992 123.498001 0.000000 11250.000000 2.000000
355.592987 122.494003 0.000000 14080.000000 3.000000
355.592987 125.505997 0.000000 14080.000000 3.000000
296.493988 183.740997 0.000000 5611.000000 2.000000
302.503998 185.748993 0.000000 7074.000000 3.000000
293.489014 122.494003 0.000000 5680.000000 2.000000
299.498993 124.501999 0.000000 11760.000000 3.000000
281.468994 124.501999 0.000000 7447.000000 3.000000
291.485992 177.716995 0.000000 7692.000000 3.000000
305.509003 113.457001 0.000000 2719.000000 2.000000
337.562988 183.740997 0.000000 2512.000000 2.000000
347.579010 65.263199 0.000000 2514.000000 2.000000
291.485992 70.283401 0.000000 7690.000000 3.000000
345.575989 93.376503 0.000000 25.280001 0.000000
