289.481995 113.457001 0.000000 1748.000000 2.000000
265.441986 124.501999 0.000000 7422.000000 3.000000
267.446014 145.587006 0.000000 3146.000000 2.000000
261.436005 146.591003 0.000000 7395.000000 3.000000
267.446014 103.417000 0.000000 3069.000000 2.000000
261.436005 101.408997 0.000000 7385.000000 3.000000
224.373993 85.344101 0.000000 3806.000000 2.000000
219.365997 83.335999 0.000000 7003.000000 3.000000
274.457001 105.425003 0.000000 4146.000000 3.000000
257.428986 95.384598 0.000000 2258.000000 2.000000
274.457001 142.574997 0.000000 4146.000000 3.000000
227.378998 160.647995 0.000000 4151.000000 2.000000
219.365997 164.664001 0.000000 6992.000000 3.000000
254.423996 152.615005 0.000000 2365.000000 2.000000
224.373993 93.376503 0.000000 4764.000000 2.000000
228.380997 91.368401 0.000000 6127.000000 3.000000
224.373993 155.628006 0.000000 4722.000000 2.000000
228.380997 156.632004 0.000000 6110.000000 3.000000
219.365997 153.619003 0.000000 6040.000000 3.000000
223.371994 185.748993 0.000000 3456.000000 2.000000
222.371002 186.753006 0.000000 4458.000000 3.000000
219.365997 94.380600 0.000000 6036.000000 3.000000
223.371994 62.250999 0.000000 3456.000000 2.000000
239.399002 125.505997 0.000000 1488.000000 2.000000
207.345993 124.501999 0.000000 5777.000000 3.000000
222.371002 61.247002 0.000000 4459.000000 3.000000
289.481995 133.537994 0.000000 1741.000000 2.000000
268.446991 138.559006 0.000000 136.600006 0.000000
