459.765991 122.494003 0.000000 9749.000000 2.000000
457.763000 126.510002 0.000000 12560.000000 3.000000
365.609009 132.533997 0.000000 2975.000000 2.000000
375.626007 142.574997 0.000000 4240.000000 3.000000
457.763000 121.489998 0.000000 12470.000000 3.000000
354.591003 195.789001 0.000000 4932.000000 2.000000
367.613007 203.822006 0.000000 8252.000000 3.000000
354.591003 52.210499 0.000000 4957.000000 2.000000
367.613007 44.178101 0.000000 8250.000000 3.000000
474.790985 113.457001 0.000000 4151.000000 2.000000
473.790009 134.542999 0.000000 4135.000000 2.000000
517.862976 154.623001 0.000000 5803.000000 3.000000
329.549011 123.498001 0.000000 4479.000000 2.000000
348.580994 122.494003 0.000000 8146.000000 3.000000
348.580994 194.785004 0.000000 7910.000000 3.000000
533.890015 185.748993 0.000000 2809.000000 2.000000
517.862976 93.376503 0.000000 5811.000000 3.000000
324.540985 123.498001 0.000000 7396.000000 3.000000
348.580994 53.214600 0.000000 7909.000000 3.000000
538.898010 63.255100 0.000000 2761.000000 2.000000
396.661011 143.578995 0.000000 2545.000000 2.000000
439.733002 170.688004 0.000000 37.270000 0.000000
