284.473999 113.457001 0.000000 1548.000000 2.000000
253.421997 123.498001 0.000000 9414.000000 3.000000
215.358994 62.250999 0.000000 2978.000000 2.000000
213.356003 83.335999 0.000000 7317.000000 3.000000
215.358994 185.748993 0.000000 2978.000000 2.000000
213.356003 164.664001 0.000000 7324.000000 3.000000
219.365997 95.384598 0.000000 3005.000000 2.000000
225.376007 94.380600 0.000000 4123.000000 3.000000
218.363998 152.615005 0.000000 3014.000000 2.000000
225.376007 153.619003 0.000000 4127.000000 3.000000
211.352005 97.392700 0.000000 5691.000000 3.000000
215.358994 61.247002 0.000000 4183.000000 3.000000
211.352005 150.606995 0.000000 5688.000000 3.000000
225.376007 90.364403 0.000000 2112.000000 2.000000
225.376007 156.632004 0.000000 2302.000000 2.000000
252.421005 147.595001 0.000000 2006.000000 2.000000
254.423996 143.578995 0.000000 5558.000000 3.000000
252.421005 101.408997 0.000000 1792.000000 2.000000
254.423996 104.420998 0.000000 5549.000000 3.000000
214.356995 126.510002 0.000000 1217.000000 2.000000
195.326004 124.501999 0.000000 4778.000000 3.000000
215.358994 186.753006 0.000000 4183.000000 3.000000
293.489014 0.000000 0.000000 1529.000000 2.000000
260.433990 112.453003 0.000000 119.199997 0.000000
