272.454010 147.595001 0.000000 3471.000000 2.000000
267.446014 148.598999 0.000000 9017.000000 3.000000
229.382004 62.250999 0.000000 3589.000000 2.000000
228.380997 61.247002 0.000000 4480.000000 3.000000
272.454010 101.408997 0.000000 3463.000000 2.000000
267.446014 99.400803 0.000000 9011.000000 3.000000
231.386002 164.664001 0.000000 4092.000000 2.000000
232.386993 158.639999 0.000000 7906.000000 3.000000
231.386002 84.340103 0.000000 3996.000000 2.000000
232.386993 89.360298 0.000000 7902.000000 3.000000
291.485992 134.542999 0.000000 1891.000000 2.000000
273.455994 124.501999 0.000000 7719.000000 3.000000
221.369003 165.667999 0.000000 7471.000000 3.000000
229.382004 185.748993 0.000000 3588.000000 2.000000
228.380997 186.753006 0.000000 4480.000000 3.000000
221.369003 82.332001 0.000000 7467.000000 3.000000
259.432007 92.372498 0.000000 2392.000000 2.000000
222.371002 127.514000 0.000000 3392.000000 2.000000
215.358994 124.501999 0.000000 4994.000000 3.000000
280.467010 143.578995 0.000000 4695.000000 3.000000
259.432007 156.632004 0.000000 2430.000000 2.000000
280.467010 104.420998 0.000000 4694.000000 3.000000
226.376999 125.505997 0.000000 4528.000000 3.000000
231.386002 125.505997 0.000000 1670.000000 2.000000
295.492004 0.000000 0.000000 1890.000000 2.000000
256.427002 144.582993 0.000000 115.400002 0.000000
