250.417007 122.494003 0.000000 2942.000000 2.000000
286.476990 122.494003 0.000000 8426.000000 3.000000
295.492004 133.537994 0.000000 2812.000000 2.000000
295.492004 136.550995 0.000000 4678.000000 3.000000
244.406998 170.688004 0.000000 4322.000000 2.000000
245.408997 163.660004 0.000000 7991.000000 3.000000
295.492004 114.461998 0.000000 2813.000000 2.000000
295.492004 111.448997 0.000000 4685.000000 3.000000
269.449005 165.667999 0.000000 2386.000000 2.000000
289.481995 151.610992 0.000000 5844.000000 3.000000
244.406998 78.315804 0.000000 4276.000000 2.000000
245.408997 84.340103 0.000000 7980.000000 3.000000
246.410995 124.501999 0.000000 6811.000000 3.000000
270.450989 82.332001 0.000000 2352.000000 2.000000
289.481995 96.388702 0.000000 5862.000000 3.000000
236.393997 79.319801 0.000000 5938.000000 3.000000
236.393997 168.679993 0.000000 5944.000000 3.000000
300.501007 144.582993 0.000000 2315.000000 2.000000
299.498993 103.417000 0.000000 2310.000000 2.000000
267.446014 152.615005 0.000000 45.669998 0.000000
