468.781006 122.494003 0.000000 9494.000000 2.000000
466.778015 126.510002 0.000000 12380.000000 3.000000
482.804993 134.542999 0.000000 4044.000000 2.000000
524.875000 153.619003 0.000000 5883.000000 3.000000
466.778015 121.489998 0.000000 12270.000000 3.000000
358.597992 196.794006 0.000000 4892.000000 2.000000
373.622986 205.830002 0.000000 8257.000000 3.000000
483.806000 113.457001 0.000000 4052.000000 2.000000
359.598999 51.206501 0.000000 4967.000000 2.000000
373.622986 42.169998 0.000000 8257.000000 3.000000
361.602997 134.542999 0.000000 6015.000000 2.000000
352.588013 122.494003 0.000000 7886.000000 3.000000
524.875000 94.380600 0.000000 5890.000000 3.000000
335.558990 123.498001 0.000000 4358.000000 2.000000
329.549011 123.498001 0.000000 7314.000000 3.000000
366.610992 133.537994 0.000000 7672.000000 3.000000
351.585999 52.210499 0.000000 7455.000000 3.000000
361.602997 112.453003 0.000000 5982.000000 2.000000
366.610992 114.461998 0.000000 7654.000000 3.000000
547.913025 62.250999 0.000000 2676.000000 2.000000
548.914978 185.748993 0.000000 2712.000000 2.000000
387.645996 140.567001 0.000000 2480.000000 2.000000
351.585999 195.789001 0.000000 7473.000000 3.000000
482.804993 71.287498 0.000000 35.810001 0.000000
