363.605988 123.498001 0.000000 11340.000000 2.000000
360.601013 125.505997 0.000000 14230.000000 3.000000
299.498993 63.255100 0.000000 5681.000000 2.000000
304.507996 61.247002 0.000000 7109.000000 3.000000
360.601013 122.494003 0.000000 14230.000000 3.000000
299.498993 183.740997 0.000000 5635.000000 2.000000
304.507996 186.753006 0.000000 7120.000000 3.000000
307.513000 115.466003 0.000000 3182.000000 2.000000
295.492004 122.494003 0.000000 5776.000000 2.000000
289.481995 124.501999 0.000000 7588.000000 3.000000
293.489014 177.716995 0.000000 7697.000000 3.000000
301.502991 124.501999 0.000000 10760.000000 3.000000
337.562988 184.744995 0.000000 2548.000000 2.000000
293.489014 70.283401 0.000000 7703.000000 3.000000
315.526001 59.238899 0.000000 2542.000000 2.000000
350.584015 92.372498 0.000000 26.840000 0.000000
