410.683990 124.501999 0.000000 10750.000000 2.000000
406.678009 121.489998 0.000000 13590.000000 3.000000
406.678009 126.510002 0.000000 13570.000000 3.000000
310.518005 124.501999 0.000000 5416.000000 2.000000
324.540985 117.473999 0.000000 6927.000000 3.000000
430.717987 60.242901 0.000000 2631.000000 2.000000
333.556000 54.218601 0.000000 9917.000000 3.000000
430.717987 188.761002 0.000000 2641.000000 2.000000
333.556000 193.781006 0.000000 9901.000000 3.000000
345.575989 142.574997 0.000000 2729.000000 2.000000
304.507996 124.501999 0.000000 7535.000000 3.000000
388.648010 84.340103 0.000000 38.459999 0.000000
