271.451996 134.542999 0.000000 1490.000000 2.000000
244.406998 124.501999 0.000000 7294.000000 3.000000
209.348999 62.250999 0.000000 2355.000000 2.000000
206.343994 85.344101 0.000000 6811.000000 3.000000
185.309006 248.000000 0.000000 914.000000 2.000000
184.307007 124.501999 0.000000 3607.000000 3.000000
209.348999 185.748993 0.000000 2355.000000 2.000000
206.343994 162.656006 0.000000 6807.000000 3.000000
246.410995 103.417000 0.000000 1571.000000 2.000000
203.339005 101.408997 0.000000 4824.000000 3.000000
246.410995 145.587006 0.000000 1592.000000 2.000000
203.339005 146.591003 0.000000 4821.000000 3.000000
249.416000 141.570999 0.000000 3982.000000 3.000000
249.416000 106.429001 0.000000 3977.000000 3.000000
271.451996 113.457001 0.000000 1490.000000 2.000000
208.347000 186.753006 0.000000 3617.000000 3.000000
225.376007 154.623001 0.000000 1100.000000 2.000000
208.347000 61.247002 0.000000 3617.000000 3.000000
233.389008 0.000000 0.000000 1100.000000 2.000000
253.421997 113.457001 0.000000 145.699997 0.000000
