263.438995 114.461998 0.000000 1460.000000 2.000000
237.395996 124.501999 0.000000 6866.000000 3.000000
173.289001 157.636002 0.000000 950.700012 2.000000
180.300995 124.501999 0.000000 2858.000000 3.000000
204.341003 185.748993 0.000000 2018.000000 2.000000
203.339005 162.656006 0.000000 5934.000000 3.000000
204.341003 62.250999 0.000000 2018.000000 2.000000
203.339005 85.344101 0.000000 5928.000000 3.000000
243.406006 103.417000 0.000000 1451.000000 2.000000
199.332001 102.413002 0.000000 4983.000000 3.000000
242.404007 144.582993 0.000000 1610.000000 2.000000
199.332001 145.587006 0.000000 4981.000000 3.000000
247.412003 108.436996 0.000000 3256.000000 3.000000
262.437012 133.537994 0.000000 1404.000000 2.000000
247.412003 139.563004 0.000000 3255.000000 3.000000
205.341995 186.753006 0.000000 3214.000000 3.000000
224.373993 93.376503 0.000000 1024.000000 2.000000
273.455994 0.000000 0.000000 1023.000000 2.000000
205.341995 61.247002 0.000000 3214.000000 3.000000
198.330994 128.518005 0.000000 158.000000 0.000000
