287.479004 123.498001 0.000000 7807.000000 2.000000
287.479004 122.494003 0.000000 9039.000000 3.000000
287.479004 125.505997 0.000000 9020.000000 3.000000
242.404007 163.660004 0.000000 6211.000000 2.000000
247.412003 164.664001 0.000000 7996.000000 3.000000
242.404007 85.344101 0.000000 6293.000000 2.000000
247.412003 83.335999 0.000000 7975.000000 3.000000
296.493988 114.461998 0.000000 2905.000000 2.000000
296.493988 111.448997 0.000000 4906.000000 3.000000
253.421997 124.501999 0.000000 3473.000000 2.000000
240.401001 161.651993 0.000000 7271.000000 3.000000
240.401001 86.348198 0.000000 7261.000000 3.000000
246.410995 169.684006 0.000000 4331.000000 2.000000
246.410995 77.311699 0.000000 4307.000000 2.000000
295.492004 133.537994 0.000000 2845.000000 2.000000
296.493988 136.550995 0.000000 4908.000000 3.000000
248.414001 123.498001 0.000000 7206.000000 3.000000
286.476990 95.384598 0.000000 4405.000000 2.000000
283.471985 94.380600 0.000000 5379.000000 3.000000
286.476990 152.615005 0.000000 4379.000000 2.000000
294.490997 150.606995 0.000000 5922.000000 3.000000
283.471985 153.619003 0.000000 5389.000000 3.000000
238.397003 79.319801 0.000000 5756.000000 3.000000
294.490997 97.392700 0.000000 5901.000000 3.000000
271.451996 165.667999 0.000000 2395.000000 2.000000
271.451996 81.327904 0.000000 2372.000000 2.000000
238.397003 168.679993 0.000000 5761.000000 3.000000
302.503998 144.582993 0.000000 2349.000000 2.000000
301.502991 103.417000 0.000000 2328.000000 2.000000
268.446991 153.619003 0.000000 41.650002 0.000000
