308.514008 123.498001 0.000000 7549.000000 2.000000
309.515991 120.486000 0.000000 11610.000000 3.000000
309.515991 127.514000 0.000000 11570.000000 3.000000
355.592987 150.606995 0.000000 3134.000000 2.000000
308.514008 168.679993 0.000000 5731.000000 3.000000
279.466003 125.505997 0.000000 3826.000000 2.000000
272.454010 124.501999 0.000000 10090.000000 3.000000
316.528015 115.466003 0.000000 6034.000000 2.000000
355.592987 97.392700 0.000000 3135.000000 2.000000
308.514008 79.319801 0.000000 5745.000000 3.000000
319.532990 112.453003 0.000000 7739.000000 3.000000
316.528015 131.529999 0.000000 5920.000000 2.000000
319.532990 135.546997 0.000000 7726.000000 3.000000
290.484009 70.283401 0.000000 2519.000000 2.000000
273.455994 72.291496 0.000000 7443.000000 3.000000
290.484009 176.712997 0.000000 2534.000000 2.000000
273.455994 175.707993 0.000000 7436.000000 3.000000
296.493988 161.651993 0.000000 25.440001 0.000000
