432.721008 124.501999 0.000000 10350.000000 2.000000
431.720001 126.510002 0.000000 12130.000000 3.000000
333.556000 124.501999 0.000000 6514.000000 2.000000
334.558014 126.510002 0.000000 7765.000000 3.000000
324.540985 124.501999 0.000000 5238.000000 2.000000
312.520996 124.501999 0.000000 9573.000000 3.000000
431.720001 121.489998 0.000000 12100.000000 3.000000
334.558014 121.489998 0.000000 7800.000000 3.000000
443.739990 193.781006 0.000000 2688.000000 2.000000
350.584015 198.802002 0.000000 8149.000000 3.000000
388.648010 104.420998 0.000000 2591.000000 2.000000
442.738007 54.218601 0.000000 2670.000000 2.000000
350.584015 49.198399 0.000000 8144.000000 3.000000
411.686005 80.323898 0.000000 42.849998 0.000000
