600.000000 177.716995 0.000000 779.099976 2.000000
434.725006 223.903000 0.000000 10990.000000 3.000000
429.716003 141.570999 0.000000 2158.000000 2.000000
447.746002 150.606995 0.000000 3271.000000 3.000000
0.000000 108.436996 0.000000 1000.000000 2.000000
0.000000 149.602997 0.000000 3670.000000 3.000000
0.000000 100.404999 0.000000 3676.000000 3.000000
0.000000 170.688004 0.000000 514.700012 2.000000
1.001670 0.000000 0.000000 514.400024 2.000000
0.000000 48.194302 0.000000 4017.000000 3.000000
1.001670 248.000000 0.000000 514.700012 2.000000
0.000000 201.813995 0.000000 4023.000000 3.000000
418.697998 112.453003 0.000000 3775.000000 2.000000
424.708008 108.436996 0.000000 5729.000000 3.000000
418.697998 135.546997 0.000000 3762.000000 2.000000
424.708008 139.563004 0.000000 5762.000000 3.000000
396.661011 117.473999 0.000000 5745.000000 2.000000
393.656006 123.498001 0.000000 7015.000000 3.000000
396.661011 130.526001 0.000000 5740.000000 2.000000
407.678986 136.550995 0.000000 7018.000000 3.000000
600.000000 70.283401 0.000000 779.200012 2.000000
434.725006 24.097200 0.000000 10930.000000 3.000000
407.678986 111.448997 0.000000 7024.000000 3.000000
443.739990 143.578995 0.000000 1593.000000 2.000000
534.890991 124.501999 0.000000 5610.000000 2.000000
535.893005 119.482002 0.000000 10150.000000 3.000000
534.890991 128.518005 0.000000 10370.000000 3.000000
0.000000 71.287498 0.000000 12.770000 0.000000
