254.423996 133.537994 0.000000 1480.000000 2.000000
229.382004 123.498001 0.000000 6969.000000 3.000000
240.401001 106.429001 0.000000 1518.000000 2.000000
201.335999 100.404999 0.000000 5494.000000 3.000000
96.160301 140.567001 0.000000 969.900024 2.000000
176.294006 124.501999 0.000000 1699.000000 3.000000
240.401001 142.574997 0.000000 1548.000000 2.000000
201.335999 147.595001 0.000000 5492.000000 3.000000
200.334000 185.748993 0.000000 1750.000000 2.000000
200.334000 161.651993 0.000000 5030.000000 3.000000
200.334000 62.250999 0.000000 1750.000000 2.000000
200.334000 86.348198 0.000000 5027.000000 3.000000
202.337006 186.753006 0.000000 2710.000000 3.000000
202.337006 61.247002 0.000000 2710.000000 3.000000
228.380997 154.623001 0.000000 1000.000000 2.000000
229.382004 0.000000 0.000000 1000.000000 2.000000
247.412003 137.554993 0.000000 2490.000000 3.000000
254.423996 114.461998 0.000000 1479.000000 2.000000
247.412003 110.445000 0.000000 2491.000000 3.000000
193.322006 126.510002 0.000000 158.000000 0.000000
