525.875977 124.501999 0.000000 5903.000000 2.000000
525.875977 119.482002 0.000000 10620.000000 3.000000
1.001670 0.000000 0.000000 776.099976 2.000000
0.000000 51.206501 0.000000 3765.000000 3.000000
525.875977 128.518005 0.000000 10610.000000 3.000000
1.001670 248.000000 0.000000 776.099976 2.000000
0.000000 198.802002 0.000000 3768.000000 3.000000
600.000000 181.733002 0.000000 776.099976 2.000000
426.710999 221.895004 0.000000 9950.000000 3.000000
0.000000 104.420998 0.000000 1000.000000 2.000000
0.000000 153.619003 0.000000 4239.000000 3.000000
546.911011 139.563004 0.000000 3181.000000 2.000000
0.000000 96.388702 0.000000 4248.000000 3.000000
0.000000 171.692001 0.000000 776.099976 2.000000
593.989990 149.602997 0.000000 4283.000000 3.000000
547.913025 109.441002 0.000000 3049.000000 2.000000
596.994995 97.392700 0.000000 4286.000000 3.000000
390.651001 99.400803 0.000000 4455.000000 2.000000
378.631012 97.392700 0.000000 5529.000000 3.000000
410.683990 112.453003 0.000000 4455.000000 2.000000
415.692993 110.445000 0.000000 6510.000000 3.000000
410.683990 134.542999 0.000000 4439.000000 2.000000
415.692993 137.554993 0.000000 6554.000000 3.000000
388.648010 122.494003 0.000000 6782.000000 3.000000
437.730011 146.591003 0.000000 1606.000000 2.000000
425.709991 27.109301 0.000000 9918.000000 3.000000
0.000000 78.315804 0.000000 776.099976 2.000000
574.958008 68.275299 0.000000 20.129999 0.000000
