275.459015 134.542999 0.000000 1473.000000 2.000000
247.412003 124.501999 0.000000 7655.000000 3.000000
210.350998 185.748993 0.000000 2534.000000 2.000000
210.350998 186.753006 0.000000 3778.000000 3.000000
208.347000 163.660004 0.000000 7302.000000 3.000000
210.350998 62.250999 0.000000 2534.000000 2.000000
208.347000 84.340103 0.000000 7299.000000 3.000000
285.476013 0.000000 0.000000 1164.000000 2.000000
248.414001 145.587006 0.000000 1714.000000 2.000000
205.341995 148.598999 0.000000 4820.000000 3.000000
247.412003 101.408997 0.000000 1575.000000 2.000000
205.341995 99.400803 0.000000 4819.000000 3.000000
250.417007 141.570999 0.000000 4602.000000 3.000000
250.417007 106.429001 0.000000 4600.000000 3.000000
275.459015 113.457001 0.000000 1473.000000 2.000000
204.341003 126.510002 0.000000 964.200012 2.000000
187.311996 124.501999 0.000000 3927.000000 3.000000
225.376007 93.376503 0.000000 1165.000000 2.000000
210.350998 61.247002 0.000000 3779.000000 3.000000
255.425995 113.457001 0.000000 128.800003 0.000000
