390.651001 124.501999 0.000000 10850.000000 2.000000
388.648010 122.494003 0.000000 14470.000000 3.000000
316.528015 127.514000 0.000000 5226.000000 2.000000
317.528992 116.470001 0.000000 7388.000000 3.000000
389.648987 125.505997 0.000000 14440.000000 3.000000
356.593994 190.768997 0.000000 2760.000000 2.000000
317.528992 131.529999 0.000000 7395.000000 3.000000
310.518005 122.494003 0.000000 5013.000000 2.000000
303.506012 124.501999 0.000000 8935.000000 3.000000
319.532990 190.768997 0.000000 7654.000000 3.000000
328.548004 143.578995 0.000000 2373.000000 2.000000
355.592987 57.230801 0.000000 2746.000000 2.000000
320.533997 57.230801 0.000000 7665.000000 3.000000
364.608002 87.352203 0.000000 33.220001 0.000000
