285.476013 113.457001 0.000000 1594.000000 2.000000
255.425995 123.498001 0.000000 9306.000000 3.000000
221.369003 153.619003 0.000000 3141.000000 2.000000
225.376007 153.619003 0.000000 4225.000000 3.000000
221.369003 94.380600 0.000000 3144.000000 2.000000
225.376007 94.380600 0.000000 4228.000000 3.000000
217.362000 185.748993 0.000000 3125.000000 2.000000
217.362000 186.753006 0.000000 4282.000000 3.000000
217.362000 62.250999 0.000000 3125.000000 2.000000
217.362000 61.247002 0.000000 4283.000000 3.000000
215.358994 164.664001 0.000000 7458.000000 3.000000
225.376007 157.636002 0.000000 2987.000000 2.000000
217.362000 126.510002 0.000000 1289.000000 2.000000
198.330994 124.501999 0.000000 5140.000000 3.000000
215.358994 83.335999 0.000000 7456.000000 3.000000
225.376007 89.360298 0.000000 2545.000000 2.000000
254.423996 99.400803 0.000000 1901.000000 2.000000
256.427002 103.417000 0.000000 5539.000000 3.000000
254.423996 147.595001 0.000000 2099.000000 2.000000
256.427002 144.582993 0.000000 5555.000000 3.000000
213.356003 151.610992 0.000000 5979.000000 3.000000
213.356003 96.388702 0.000000 5978.000000 3.000000
294.490997 0.000000 0.000000 1593.000000 2.000000
262.437012 112.453003 0.000000 127.300003 0.000000
