261.436005 125.505997 0.000000 4115.000000 2.000000
289.481995 124.501999 0.000000 14630.000000 3.000000
297.496002 94.380600 0.000000 3708.000000 2.000000
292.487000 91.368401 0.000000 5173.000000 3.000000
299.498993 141.570999 0.000000 2807.000000 2.000000
306.510986 148.598999 0.000000 5343.000000 3.000000
274.457001 170.688004 0.000000 2448.000000 2.000000
246.410995 163.660004 0.000000 9066.000000 3.000000
279.466003 0.000000 0.000000 2437.000000 2.000000
246.410995 84.340103 0.000000 9044.000000 3.000000
306.510986 99.400803 0.000000 5378.000000 3.000000
300.501007 104.420998 0.000000 2900.000000 2.000000
298.497009 117.473999 0.000000 3724.000000 2.000000
298.497009 113.457001 0.000000 5716.000000 3.000000
297.496002 130.526001 0.000000 3650.000000 2.000000
298.497009 134.542999 0.000000 5728.000000 3.000000
256.427002 123.498001 0.000000 7784.000000 3.000000
276.460999 155.628006 0.000000 35.599998 0.000000
