301.502991 120.486000 0.000000 5698.000000 2.000000
300.501007 124.501999 0.000000 8917.000000 3.000000
308.514008 94.380600 0.000000 3063.000000 2.000000
300.501007 84.340103 0.000000 5268.000000 3.000000
302.503998 127.514000 0.000000 5611.000000 2.000000
303.506012 130.526001 0.000000 8624.000000 3.000000
308.514008 153.619003 0.000000 3028.000000 2.000000
299.498993 164.664001 0.000000 5286.000000 3.000000
274.457001 174.703995 0.000000 2506.000000 2.000000
253.421997 164.664001 0.000000 8329.000000 3.000000
302.503998 117.473999 0.000000 8626.000000 3.000000
312.520996 110.445000 0.000000 4773.000000 2.000000
315.526001 104.420998 0.000000 6800.000000 3.000000
310.518005 136.550995 0.000000 4688.000000 2.000000
315.526001 142.574997 0.000000 6808.000000 3.000000
269.449005 122.494003 0.000000 3572.000000 2.000000
263.438995 125.505997 0.000000 8099.000000 3.000000
274.457001 74.299599 0.000000 2496.000000 2.000000
253.421997 83.335999 0.000000 8328.000000 3.000000
284.473999 89.360298 0.000000 34.320000 0.000000
