314.523987 124.501999 0.000000 7474.000000 2.000000
314.523987 127.514000 0.000000 11440.000000 3.000000
371.618988 97.392700 0.000000 3028.000000 2.000000
311.519012 75.303596 0.000000 5277.000000 3.000000
314.523987 120.486000 0.000000 11420.000000 3.000000
272.454010 122.494003 0.000000 4985.000000 2.000000
278.463989 124.501999 0.000000 9935.000000 3.000000
286.476990 125.505997 0.000000 3607.000000 2.000000
273.455994 175.707993 0.000000 5119.000000 2.000000
280.467010 178.720993 0.000000 7663.000000 3.000000
272.454010 73.295502 0.000000 5208.000000 2.000000
280.467010 69.279404 0.000000 7648.000000 3.000000
269.449005 170.688004 0.000000 6981.000000 3.000000
371.618988 150.606995 0.000000 3028.000000 2.000000
311.519012 172.695999 0.000000 5292.000000 3.000000
291.485992 179.725006 0.000000 2544.000000 2.000000
264.441010 125.505997 0.000000 6536.000000 3.000000
269.449005 77.311699 0.000000 6980.000000 3.000000
297.496002 68.275299 0.000000 2531.000000 2.000000
302.503998 86.348198 0.000000 27.070000 0.000000
