465.776001 122.494003 0.000000 9572.000000 2.000000
463.773010 121.489998 0.000000 12350.000000 3.000000
463.773010 126.510002 0.000000 12460.000000 3.000000
479.799988 134.542999 0.000000 4076.000000 2.000000
521.869995 153.619003 0.000000 5882.000000 3.000000
357.596008 196.794006 0.000000 4921.000000 2.000000
370.618011 204.826004 0.000000 8223.000000 3.000000
480.800995 113.457001 0.000000 4087.000000 2.000000
357.596008 52.210499 0.000000 4948.000000 2.000000
370.618011 43.174099 0.000000 8219.000000 3.000000
359.598999 135.546997 0.000000 6287.000000 2.000000
351.585999 122.494003 0.000000 7962.000000 3.000000
358.597992 112.453003 0.000000 6280.000000 2.000000
363.605988 113.457001 0.000000 7627.000000 3.000000
350.584015 194.785004 0.000000 7614.000000 3.000000
521.869995 94.380600 0.000000 5889.000000 3.000000
363.605988 134.542999 0.000000 7613.000000 3.000000
546.911011 184.744995 0.000000 2725.000000 2.000000
333.556000 123.498001 0.000000 4384.000000 2.000000
350.584015 53.214600 0.000000 7608.000000 3.000000
546.911011 62.250999 0.000000 2694.000000 2.000000
328.548004 123.498001 0.000000 7342.000000 3.000000
386.644012 107.432999 0.000000 2537.000000 2.000000
479.799988 72.291496 0.000000 36.220001 0.000000
