276.460999 147.595001 0.000000 3590.000000 2.000000
269.449005 149.602997 0.000000 8927.000000 3.000000
276.460999 101.408997 0.000000 3536.000000 2.000000
269.449005 98.396797 0.000000 8927.000000 3.000000
225.376007 126.510002 0.000000 3360.000000 2.000000
218.363998 124.501999 0.000000 4545.000000 3.000000
233.389008 82.332001 0.000000 3944.000000 2.000000
233.389008 89.360298 0.000000 8135.000000 3.000000
233.389008 164.664001 0.000000 4128.000000 2.000000
233.389008 158.639999 0.000000 8119.000000 3.000000
291.485992 113.457001 0.000000 1931.000000 2.000000
275.459015 124.501999 0.000000 7818.000000 3.000000
222.371002 165.667999 0.000000 7565.000000 3.000000
228.380997 125.505997 0.000000 4647.000000 3.000000
222.371002 82.332001 0.000000 7557.000000 3.000000
233.389008 124.501999 0.000000 1676.000000 2.000000
261.436005 91.368401 0.000000 2418.000000 2.000000
256.427002 157.636002 0.000000 2424.000000 2.000000
281.468994 103.417000 0.000000 4669.000000 3.000000
281.468994 144.582993 0.000000 4671.000000 3.000000
291.485992 134.542999 0.000000 1930.000000 2.000000
257.428986 145.587006 0.000000 103.300003 0.000000
