419.699005 124.501999 0.000000 10460.000000 2.000000
417.696014 121.489998 0.000000 12270.000000 3.000000
417.696014 126.510002 0.000000 12290.000000 3.000000
333.556000 109.441002 0.000000 5237.000000 2.000000
339.566010 105.425003 0.000000 6573.000000 3.000000
315.526001 124.501999 0.000000 4845.000000 2.000000
308.514008 124.501999 0.000000 10690.000000 3.000000
434.725006 191.772995 0.000000 2633.000000 2.000000
338.563995 194.785004 0.000000 8758.000000 3.000000
334.558014 138.559006 0.000000 5227.000000 2.000000
339.566010 142.574997 0.000000 6578.000000 3.000000
434.725006 57.230801 0.000000 2624.000000 2.000000
338.563995 53.214600 0.000000 8754.000000 3.000000
328.548004 117.473999 0.000000 7046.000000 3.000000
353.588989 142.574997 0.000000 2808.000000 2.000000
398.664001 82.332001 0.000000 41.490002 0.000000
