438.730988 124.501999 0.000000 10250.000000 2.000000
437.730011 126.510002 0.000000 12300.000000 3.000000
437.730011 121.489998 0.000000 12270.000000 3.000000
451.752991 134.542999 0.000000 4566.000000 2.000000
479.799988 146.591003 0.000000 6000.000000 3.000000
327.545990 123.498001 0.000000 5186.000000 2.000000
337.562988 121.489998 0.000000 8132.000000 3.000000
452.755005 113.457001 0.000000 4579.000000 2.000000
480.800995 101.408997 0.000000 6007.000000 3.000000
313.523010 124.501999 0.000000 7851.000000 3.000000
449.750000 194.785004 0.000000 2737.000000 2.000000
355.592987 200.809998 0.000000 8095.000000 3.000000
393.656006 144.582993 0.000000 2427.000000 2.000000
448.747986 53.214600 0.000000 2713.000000 2.000000
355.592987 47.190300 0.000000 8114.000000 3.000000
417.696014 79.319801 0.000000 41.959999 0.000000
