485.809998 122.494003 0.000000 8599.000000 2.000000
482.804993 127.514000 0.000000 11710.000000 3.000000
482.804993 120.486000 0.000000 11680.000000 3.000000
0.000000 82.332001 0.000000 1000.000000 2.000000
0.000000 73.295502 0.000000 2214.000000 3.000000
0.000000 176.712997 0.000000 2249.000000 3.000000
369.615997 50.202400 0.000000 5255.000000 2.000000
385.643005 38.153801 0.000000 8680.000000 3.000000
369.615997 198.802002 0.000000 5184.000000 2.000000
385.643005 209.845993 0.000000 8676.000000 3.000000
499.833008 111.448997 0.000000 3712.000000 2.000000
360.601013 194.785004 0.000000 8106.000000 3.000000
360.601013 53.214600 0.000000 8046.000000 3.000000
363.605988 204.826004 0.000000 4119.000000 2.000000
364.608002 43.174099 0.000000 4128.000000 2.000000
101.168999 248.000000 0.000000 803.900024 2.000000
373.622986 133.537994 0.000000 5230.000000 2.000000
379.632996 132.533997 0.000000 7720.000000 3.000000
373.622986 114.461998 0.000000 5234.000000 2.000000
379.632996 115.466003 0.000000 7644.000000 3.000000
358.597992 122.494003 0.000000 7500.000000 3.000000
346.578003 122.494003 0.000000 5229.000000 2.000000
340.567993 123.498001 0.000000 6517.000000 3.000000
386.644012 0.000000 0.000000 5629.000000 3.000000
386.644012 248.000000 0.000000 5627.000000 3.000000
384.640991 133.537994 0.000000 3220.000000 2.000000
578.965027 61.247002 0.000000 2525.000000 2.000000
574.958008 188.761002 0.000000 2576.000000 2.000000
538.898010 96.388702 0.000000 5572.000000 3.000000
498.830994 136.550995 0.000000 3710.000000 2.000000
541.903015 152.615005 0.000000 5567.000000 3.000000
389.648987 138.559006 0.000000 4482.000000 3.000000
404.674011 140.567001 0.000000 2210.000000 2.000000
503.839996 68.275299 0.000000 31.600000 0.000000
