519.866028 124.501999 0.000000 6082.000000 2.000000
519.866028 119.482002 0.000000 10690.000000 3.000000
519.866028 128.518005 0.000000 10620.000000 3.000000
1.001670 0.000000 0.000000 773.799988 2.000000
0.000000 53.214600 0.000000 3470.000000 3.000000
395.658997 44.178101 0.000000 6697.000000 2.000000
420.700989 28.113400 0.000000 9516.000000 3.000000
420.700989 220.891006 0.000000 8205.000000 2.000000
419.699005 219.886993 0.000000 9507.000000 3.000000
421.703003 220.891006 0.000000 9285.000000 3.000000
1.001670 248.000000 0.000000 773.799988 2.000000
0.000000 196.794006 0.000000 3475.000000 3.000000
538.898010 139.563004 0.000000 3222.000000 2.000000
392.653992 56.226700 0.000000 8156.000000 3.000000
395.658997 203.822006 0.000000 6701.000000 2.000000
600.000000 72.291496 0.000000 773.900024 2.000000
392.653992 191.772995 0.000000 8144.000000 3.000000
0.000000 100.404999 0.000000 1000.000000 2.000000
0.000000 156.632004 0.000000 4586.000000 3.000000
0.000000 93.376503 0.000000 4594.000000 3.000000
0.000000 76.307701 0.000000 773.799988 2.000000
593.989990 152.615005 0.000000 4786.000000 3.000000
539.900024 108.436996 0.000000 3117.000000 2.000000
593.989990 95.384598 0.000000 4789.000000 3.000000
386.644012 147.595001 0.000000 4429.000000 2.000000
373.622986 150.606995 0.000000 5713.000000 3.000000
385.643005 100.404999 0.000000 4428.000000 2.000000
373.622986 97.392700 0.000000 5730.000000 3.000000
402.670990 113.457001 0.000000 4923.000000 2.000000
382.638000 122.494003 0.000000 6696.000000 3.000000
436.727997 148.598999 0.000000 1597.000000 2.000000
409.683014 111.448997 0.000000 7646.000000 3.000000
402.670990 134.542999 0.000000 4895.000000 2.000000
409.683014 136.550995 0.000000 7733.000000 3.000000
0.000000 187.757004 0.000000 773.799988 2.000000
560.934998 179.725006 0.000000 21.629999 0.000000
