381.635986 124.501999 0.000000 11690.000000 2.000000
379.632996 122.494003 0.000000 14860.000000 3.000000
379.632996 125.505997 0.000000 14850.000000 3.000000
313.523010 127.514000 0.000000 4717.000000 2.000000
313.523010 132.533997 0.000000 6468.000000 3.000000
305.509003 122.494003 0.000000 5440.000000 2.000000
298.497009 124.501999 0.000000 8227.000000 3.000000
348.580994 188.761002 0.000000 2712.000000 2.000000
312.520996 120.486000 0.000000 4769.000000 2.000000
313.523010 115.466003 0.000000 6470.000000 3.000000
311.519012 124.501999 0.000000 7407.000000 3.000000
305.509003 183.740997 0.000000 7689.000000 3.000000
324.540985 114.461998 0.000000 2559.000000 2.000000
347.579010 58.234798 0.000000 2700.000000 2.000000
305.509003 64.259102 0.000000 7675.000000 3.000000
364.608002 89.360298 0.000000 32.910000 0.000000
