259.432007 114.461998 0.000000 1443.000000 2.000000
233.389008 124.501999 0.000000 6875.000000 3.000000
86.143600 129.522003 0.000000 968.799988 2.000000
179.298996 124.501999 0.000000 2312.000000 3.000000
202.337006 185.748993 0.000000 1886.000000 2.000000
201.335999 161.651993 0.000000 5722.000000 3.000000
202.337006 62.250999 0.000000 1886.000000 2.000000
201.335999 86.348198 0.000000 5720.000000 3.000000
241.401993 143.578995 0.000000 1590.000000 2.000000
203.339005 147.595001 0.000000 4951.000000 3.000000
241.401993 105.425003 0.000000 1415.000000 2.000000
203.339005 100.404999 0.000000 4951.000000 3.000000
203.339005 186.753006 0.000000 3029.000000 3.000000
223.371994 154.623001 0.000000 1008.000000 2.000000
203.339005 61.247002 0.000000 3029.000000 3.000000
230.384003 0.000000 0.000000 1008.000000 2.000000
247.412003 109.441002 0.000000 2867.000000 3.000000
258.431000 133.537994 0.000000 1395.000000 2.000000
247.412003 138.559006 0.000000 2866.000000 3.000000
195.326004 127.514000 0.000000 135.500000 0.000000
