384.640991 124.501999 0.000000 11550.000000 2.000000
382.638000 122.494003 0.000000 14830.000000 3.000000
382.638000 125.505997 0.000000 14810.000000 3.000000
314.523987 120.486000 0.000000 4984.000000 2.000000
314.523987 115.466003 0.000000 6735.000000 3.000000
300.501007 124.501999 0.000000 8438.000000 3.000000
346.578003 189.764999 0.000000 2734.000000 2.000000
307.513000 184.744995 0.000000 7605.000000 3.000000
314.523987 127.514000 0.000000 4958.000000 2.000000
315.526001 132.533997 0.000000 6738.000000 3.000000
356.593994 58.234798 0.000000 2727.000000 2.000000
307.513000 63.255100 0.000000 7590.000000 3.000000
326.544006 143.578995 0.000000 2437.000000 2.000000
358.597992 88.356300 0.000000 32.810001 0.000000
