600.000000 177.716995 0.000000 779.799988 2.000000
437.730011 224.906998 0.000000 11480.000000 3.000000
0.000000 109.441002 0.000000 1000.000000 2.000000
0.000000 148.598999 0.000000 3522.000000 3.000000
0.000000 101.408997 0.000000 3526.000000 3.000000
600.000000 70.283401 0.000000 779.900024 2.000000
437.730011 23.093100 0.000000 11430.000000 3.000000
0.000000 170.688004 0.000000 510.100006 2.000000
1.001670 0.000000 0.000000 509.799988 2.000000
0.000000 47.190300 0.000000 4025.000000 3.000000
1.001670 248.000000 0.000000 510.100006 2.000000
0.000000 202.817993 0.000000 4039.000000 3.000000
420.700989 111.448997 0.000000 3677.000000 2.000000
426.710999 107.432999 0.000000 5553.000000 3.000000
420.700989 135.546997 0.000000 3634.000000 2.000000
425.709991 140.567001 0.000000 5586.000000 3.000000
398.664001 130.526001 0.000000 5727.000000 2.000000
409.683014 136.550995 0.000000 6982.000000 3.000000
398.664001 117.473999 0.000000 5732.000000 2.000000
409.683014 111.448997 0.000000 6989.000000 3.000000
393.656006 124.501999 0.000000 7049.000000 3.000000
445.743011 143.578995 0.000000 1575.000000 2.000000
536.895020 124.501999 0.000000 5535.000000 2.000000
536.895020 118.477997 0.000000 10180.000000 3.000000
537.895996 128.518005 0.000000 10330.000000 3.000000
0.000000 71.287498 0.000000 10.750000 0.000000
