387.645996 124.501999 0.000000 11270.000000 2.000000
386.644012 122.494003 0.000000 14730.000000 3.000000
386.644012 125.505997 0.000000 14720.000000 3.000000
315.526001 127.514000 0.000000 5142.000000 2.000000
316.528015 116.470001 0.000000 7107.000000 3.000000
308.514008 122.494003 0.000000 5062.000000 2.000000
302.503998 124.501999 0.000000 8654.000000 3.000000
356.593994 190.768997 0.000000 2748.000000 2.000000
316.528015 131.529999 0.000000 7112.000000 3.000000
356.593994 57.230801 0.000000 2737.000000 2.000000
318.531006 57.230801 0.000000 7511.000000 3.000000
327.545990 144.582993 0.000000 2431.000000 2.000000
318.531006 190.768997 0.000000 7498.000000 3.000000
366.610992 88.356300 0.000000 35.230000 0.000000
