426.710999 124.501999 0.000000 10370.000000 2.000000
424.708008 126.510002 0.000000 12130.000000 3.000000
424.708008 121.489998 0.000000 12100.000000 3.000000
336.561005 138.559006 0.000000 5320.000000 2.000000
342.571014 142.574997 0.000000 6662.000000 3.000000
320.533997 124.501999 0.000000 5178.000000 2.000000
310.518005 124.501999 0.000000 11780.000000 3.000000
358.597992 142.574997 0.000000 2881.000000 2.000000
336.561005 109.441002 0.000000 5306.000000 2.000000
342.571014 105.425003 0.000000 6670.000000 3.000000
441.735992 56.226700 0.000000 2639.000000 2.000000
345.575989 51.206501 0.000000 8213.000000 3.000000
330.550995 124.501999 0.000000 6135.000000 2.000000
332.553986 127.514000 0.000000 7411.000000 3.000000
332.553986 120.486000 0.000000 7442.000000 3.000000
441.735992 192.776993 0.000000 2649.000000 2.000000
345.575989 196.794006 0.000000 8205.000000 3.000000
404.674011 81.327904 0.000000 42.790001 0.000000
