393.656006 124.501999 0.000000 10340.000000 2.000000
391.653015 125.505997 0.000000 14030.000000 3.000000
391.653015 122.494003 0.000000 14080.000000 3.000000
314.523987 122.494003 0.000000 4867.000000 2.000000
318.531006 116.470001 0.000000 7477.000000 3.000000
305.509003 124.501999 0.000000 9093.000000 3.000000
355.592987 192.776993 0.000000 2765.000000 2.000000
314.523987 125.505997 0.000000 4862.000000 2.000000
318.531006 131.529999 0.000000 7488.000000 3.000000
355.592987 55.222698 0.000000 2754.000000 2.000000
323.539001 56.226700 0.000000 7951.000000 3.000000
322.537994 191.772995 0.000000 7947.000000 3.000000
330.550995 142.574997 0.000000 2398.000000 2.000000
368.614014 163.660004 0.000000 36.320000 0.000000
