271.451996 146.591003 0.000000 3488.000000 2.000000
265.441986 147.595001 0.000000 8465.000000 3.000000
220.367004 126.510002 0.000000 3443.000000 2.000000
223.371994 125.505997 0.000000 4367.000000 3.000000
272.454010 101.408997 0.000000 3386.000000 2.000000
265.441986 100.404999 0.000000 8461.000000 3.000000
229.382004 163.660004 0.000000 4151.000000 2.000000
219.365997 164.664001 0.000000 7944.000000 3.000000
227.378998 62.250999 0.000000 3568.000000 2.000000
226.376999 61.247002 0.000000 4508.000000 3.000000
228.380997 84.340103 0.000000 3794.000000 2.000000
219.365997 83.335999 0.000000 7942.000000 3.000000
230.384003 90.364403 0.000000 7820.000000 3.000000
230.384003 157.636002 0.000000 7818.000000 3.000000
227.378998 185.748993 0.000000 3568.000000 2.000000
290.484009 113.457001 0.000000 1845.000000 2.000000
271.451996 124.501999 0.000000 7619.000000 3.000000
212.354004 124.501999 0.000000 5366.000000 3.000000
257.428986 93.376503 0.000000 2369.000000 2.000000
243.406006 125.505997 0.000000 1626.000000 2.000000
279.466003 142.574997 0.000000 4559.000000 3.000000
226.376999 186.753006 0.000000 4508.000000 3.000000
257.428986 155.628006 0.000000 2412.000000 2.000000
279.466003 105.425003 0.000000 4559.000000 3.000000
290.484009 134.542999 0.000000 1844.000000 2.000000
272.454010 139.563004 0.000000 129.399994 0.000000
