282.471008 113.457001 0.000000 1497.000000 2.000000
251.419006 123.498001 0.000000 9110.000000 3.000000
214.356995 62.250999 0.000000 2845.000000 2.000000
213.356003 61.247002 0.000000 4035.000000 3.000000
214.356995 185.748993 0.000000 2845.000000 2.000000
212.354004 164.664001 0.000000 7135.000000 3.000000
212.354004 83.335999 0.000000 7129.000000 3.000000
216.360992 150.606995 0.000000 2979.000000 2.000000
209.348999 150.606995 0.000000 5374.000000 3.000000
216.360992 97.392700 0.000000 2980.000000 2.000000
209.348999 97.392700 0.000000 5372.000000 3.000000
250.417007 100.404999 0.000000 1779.000000 2.000000
252.421005 105.425003 0.000000 4955.000000 3.000000
250.417007 146.591003 0.000000 1859.000000 2.000000
252.421005 142.574997 0.000000 4952.000000 3.000000
224.373993 91.368401 0.000000 1814.000000 2.000000
210.350998 126.510002 0.000000 1157.000000 2.000000
192.320999 124.501999 0.000000 4433.000000 3.000000
223.371994 152.615005 0.000000 4126.000000 3.000000
223.371994 95.384598 0.000000 4125.000000 3.000000
213.356003 186.753006 0.000000 4035.000000 3.000000
225.376007 155.628006 0.000000 1824.000000 2.000000
291.485992 0.000000 0.000000 1494.000000 2.000000
258.431000 113.457001 0.000000 116.099998 0.000000
