342.571014 123.498001 0.000000 12230.000000 2.000000
340.567993 125.505997 0.000000 15000.000000 3.000000
289.481995 179.725006 0.000000 5579.000000 2.000000
296.493988 183.740997 0.000000 7100.000000 3.000000
340.567993 122.494003 0.000000 14980.000000 3.000000
286.476990 125.505997 0.000000 4914.000000 2.000000
276.460999 122.494003 0.000000 7201.000000 3.000000
309.515991 125.505997 0.000000 2662.000000 2.000000
285.476013 175.707993 0.000000 7642.000000 3.000000
294.490997 124.501999 0.000000 12370.000000 3.000000
350.584015 179.725006 0.000000 2422.000000 2.000000
354.591003 0.000000 0.000000 2412.000000 2.000000
285.476013 72.291496 0.000000 7646.000000 3.000000
326.544006 94.380600 0.000000 21.770000 0.000000
