476.795013 122.494003 0.000000 9137.000000 2.000000
475.792999 126.510002 0.000000 12080.000000 3.000000
361.602997 44.178101 0.000000 4099.000000 2.000000
379.632996 0.000000 0.000000 5622.000000 3.000000
473.790009 120.486000 0.000000 11990.000000 3.000000
364.608002 51.206501 0.000000 5101.000000 2.000000
379.632996 40.161900 0.000000 8379.000000 3.000000
492.821014 112.453003 0.000000 3910.000000 2.000000
364.608002 197.798004 0.000000 5048.000000 2.000000
379.632996 207.837997 0.000000 8373.000000 3.000000
367.613007 133.537994 0.000000 5592.000000 2.000000
355.592987 122.494003 0.000000 7718.000000 3.000000
361.602997 202.817993 0.000000 4104.000000 2.000000
379.632996 248.000000 0.000000 5625.000000 3.000000
365.609009 114.461998 0.000000 5559.000000 2.000000
372.621002 114.461998 0.000000 7713.000000 3.000000
372.621002 133.537994 0.000000 7703.000000 3.000000
341.569000 122.494003 0.000000 4612.000000 2.000000
355.592987 195.789001 0.000000 7418.000000 3.000000
355.592987 52.210499 0.000000 7375.000000 3.000000
561.937012 187.757004 0.000000 2643.000000 2.000000
566.945007 61.247002 0.000000 2609.000000 2.000000
335.558990 123.498001 0.000000 6837.000000 3.000000
402.670990 107.432999 0.000000 2397.000000 2.000000
531.885986 95.384598 0.000000 5801.000000 3.000000
491.820007 135.546997 0.000000 3906.000000 2.000000
531.885986 152.615005 0.000000 5795.000000 3.000000
493.822998 70.283401 0.000000 34.180000 0.000000
