399.665985 124.501999 0.000000 9486.000000 2.000000
395.658997 126.510002 0.000000 13150.000000 3.000000
317.528992 126.510002 0.000000 4615.000000 2.000000
320.533997 130.526001 0.000000 7337.000000 3.000000
395.658997 121.489998 0.000000 13080.000000 3.000000
416.694000 184.744995 0.000000 2773.000000 2.000000
327.545990 192.776993 0.000000 8901.000000 3.000000
318.531006 121.489998 0.000000 4653.000000 2.000000
320.533997 117.473999 0.000000 7342.000000 3.000000
308.514008 124.501999 0.000000 8782.000000 3.000000
333.556000 141.570999 0.000000 2513.000000 2.000000
352.588013 53.214600 0.000000 2768.000000 2.000000
327.545990 55.222698 0.000000 8896.000000 3.000000
375.626007 86.348198 0.000000 37.090000 0.000000
