456.760986 122.494003 0.000000 9860.000000 2.000000
454.757996 126.510002 0.000000 12570.000000 3.000000
364.608002 134.542999 0.000000 2937.000000 2.000000
374.623993 143.578995 0.000000 4203.000000 3.000000
455.760010 121.489998 0.000000 12500.000000 3.000000
470.785004 134.542999 0.000000 4168.000000 2.000000
506.845001 150.606995 0.000000 5737.000000 3.000000
471.786011 113.457001 0.000000 4186.000000 2.000000
327.545990 123.498001 0.000000 4550.000000 2.000000
347.579010 122.494003 0.000000 8242.000000 3.000000
506.845001 97.392700 0.000000 5751.000000 3.000000
322.537994 124.501999 0.000000 7212.000000 3.000000
353.588989 51.206501 0.000000 5056.000000 2.000000
346.578003 53.214600 0.000000 7955.000000 3.000000
353.588989 195.789001 0.000000 4958.000000 2.000000
346.578003 194.785004 0.000000 7963.000000 3.000000
366.610992 44.178101 0.000000 8205.000000 3.000000
532.888000 183.740997 0.000000 2835.000000 2.000000
531.885986 64.259102 0.000000 2784.000000 2.000000
381.635986 106.429001 0.000000 2589.000000 2.000000
366.610992 203.822006 0.000000 8223.000000 3.000000
436.727997 170.688004 0.000000 37.860001 0.000000
