600.000000 177.716995 0.000000 781.000000 2.000000
438.730988 224.906998 0.000000 12060.000000 3.000000
600.000000 66.267197 0.000000 781.099976 2.000000
438.730988 23.093100 0.000000 12020.000000 3.000000
0.000000 110.445000 0.000000 1000.000000 2.000000
0.000000 147.595001 0.000000 3380.000000 3.000000
0.000000 102.413002 0.000000 3382.000000 3.000000
0.000000 170.688004 0.000000 505.700012 2.000000
1.001670 248.000000 0.000000 505.700012 2.000000
0.000000 203.822006 0.000000 4011.000000 3.000000
1.001670 0.000000 0.000000 505.299988 2.000000
0.000000 47.190300 0.000000 4013.000000 3.000000
422.704010 111.448997 0.000000 3592.000000 2.000000
427.713013 107.432999 0.000000 5504.000000 3.000000
421.703003 136.550995 0.000000 3521.000000 2.000000
427.713013 140.567001 0.000000 5541.000000 3.000000
399.665985 130.526001 0.000000 5709.000000 2.000000
408.681000 136.550995 0.000000 6927.000000 3.000000
399.665985 117.473999 0.000000 5714.000000 2.000000
408.681000 111.448997 0.000000 6945.000000 3.000000
394.657990 124.501999 0.000000 7066.000000 3.000000
447.746002 143.578995 0.000000 1554.000000 2.000000
539.900024 124.501999 0.000000 5462.000000 2.000000
539.900024 118.477997 0.000000 10260.000000 3.000000
539.900024 128.518005 0.000000 10300.000000 3.000000
0.000000 71.287498 0.000000 10.320000 0.000000
