374.623993 124.501999 0.000000 11680.000000 2.000000
372.621002 122.494003 0.000000 14700.000000 3.000000
372.621002 125.505997 0.000000 14690.000000 3.000000
318.531006 57.230801 0.000000 2638.000000 2.000000
299.498993 67.271301 0.000000 7810.000000 3.000000
302.503998 121.489998 0.000000 5786.000000 2.000000
307.513000 123.498001 0.000000 8584.000000 3.000000
323.539001 115.466003 0.000000 3085.000000 2.000000
295.492004 124.501999 0.000000 8134.000000 3.000000
318.531006 190.768997 0.000000 2646.000000 2.000000
299.498993 180.729004 0.000000 7821.000000 3.000000
362.604004 157.636002 0.000000 30.770000 0.000000
