517.862976 124.501999 0.000000 6166.000000 2.000000
517.862976 119.482002 0.000000 10580.000000 3.000000
0.000000 186.753006 0.000000 773.599976 2.000000
0.000000 196.794006 0.000000 3283.000000 3.000000
517.862976 128.518005 0.000000 10520.000000 3.000000
392.653992 46.186199 0.000000 6650.000000 2.000000
417.696014 29.117399 0.000000 9460.000000 3.000000
1.001670 0.000000 0.000000 773.599976 2.000000
0.000000 54.218601 0.000000 3284.000000 3.000000
0.000000 99.400803 0.000000 1000.000000 2.000000
0.000000 157.636002 0.000000 4666.000000 3.000000
393.656006 201.813995 0.000000 6625.000000 2.000000
417.696014 218.882996 0.000000 9449.000000 3.000000
536.895020 139.563004 0.000000 3239.000000 2.000000
0.000000 92.372498 0.000000 4673.000000 3.000000
400.667999 134.542999 0.000000 4845.000000 2.000000
407.678986 136.550995 0.000000 8436.000000 3.000000
0.000000 76.307701 0.000000 773.599976 2.000000
593.989990 153.619003 0.000000 4926.000000 3.000000
400.667999 113.457001 0.000000 4875.000000 2.000000
407.678986 111.448997 0.000000 8337.000000 3.000000
390.651001 191.772995 0.000000 8257.000000 3.000000
1.001670 248.000000 0.000000 773.599976 2.000000
536.895020 108.436996 0.000000 3143.000000 2.000000
593.989990 94.380600 0.000000 4929.000000 3.000000
378.631012 145.587006 0.000000 4413.000000 2.000000
372.621002 150.606995 0.000000 5780.000000 3.000000
379.632996 102.413002 0.000000 4413.000000 2.000000
372.621002 97.392700 0.000000 5796.000000 3.000000
380.634003 122.494003 0.000000 6695.000000 3.000000
434.725006 148.598999 0.000000 1593.000000 2.000000
390.651001 57.230801 0.000000 8254.000000 3.000000
600.000000 66.267197 0.000000 773.700012 2.000000
556.927979 179.725006 0.000000 22.000000 0.000000
