499.833008 124.501999 0.000000 7458.000000 2.000000
499.833008 120.486000 0.000000 11260.000000 3.000000
0.000000 185.748993 0.000000 1242.000000 2.000000
0.000000 189.764999 0.000000 2415.000000 3.000000
0.000000 64.259102 0.000000 1256.000000 2.000000
0.000000 60.242901 0.000000 2446.000000 3.000000
0.000000 84.340103 0.000000 4230.000000 3.000000
498.830994 127.514000 0.000000 11250.000000 3.000000
0.000000 90.364403 0.000000 1000.000000 2.000000
0.000000 165.667999 0.000000 4235.000000 3.000000
379.632996 200.809998 0.000000 5660.000000 2.000000
396.661011 212.858002 0.000000 9447.000000 3.000000
512.854980 137.554993 0.000000 3414.000000 2.000000
379.632996 48.194302 0.000000 5662.000000 2.000000
396.661011 35.141701 0.000000 9435.000000 3.000000
92.153603 248.000000 0.000000 767.400024 2.000000
386.644012 132.533997 0.000000 5067.000000 2.000000
390.651001 137.554993 0.000000 8827.000000 3.000000
384.640991 114.461998 0.000000 4982.000000 2.000000
390.651001 110.445000 0.000000 8797.000000 3.000000
371.618988 54.218601 0.000000 8758.000000 3.000000
379.632996 0.000000 0.000000 4115.000000 2.000000
371.618988 193.781006 0.000000 8750.000000 3.000000
365.609009 122.494003 0.000000 6969.000000 3.000000
378.631012 248.000000 0.000000 4120.000000 2.000000
367.613007 102.413002 0.000000 4735.000000 2.000000
362.604004 98.396797 0.000000 6163.000000 3.000000
366.610992 145.587006 0.000000 4740.000000 2.000000
362.604004 149.602997 0.000000 6154.000000 3.000000
575.960022 156.632004 0.000000 5351.000000 3.000000
514.857971 110.445000 0.000000 3389.000000 2.000000
575.960022 91.368401 0.000000 5351.000000 3.000000
406.678009 138.559006 0.000000 1814.000000 2.000000
360.601013 248.000000 0.000000 5343.000000 3.000000
600.000000 182.737000 0.000000 1322.000000 2.000000
360.601013 0.000000 0.000000 5337.000000 3.000000
600.000000 65.263199 0.000000 1291.000000 2.000000
525.875977 67.271301 0.000000 26.320000 0.000000
