267.446014 146.591003 0.000000 3250.000000 2.000000
263.438995 147.595001 0.000000 7966.000000 3.000000
267.446014 102.413002 0.000000 3211.000000 2.000000
263.438995 100.404999 0.000000 7951.000000 3.000000
277.462006 105.425003 0.000000 4340.000000 3.000000
289.481995 113.457001 0.000000 1780.000000 2.000000
268.446991 124.501999 0.000000 7494.000000 3.000000
227.378998 163.660004 0.000000 4105.000000 2.000000
218.363998 164.664001 0.000000 7364.000000 3.000000
225.376007 84.340103 0.000000 3999.000000 2.000000
218.363998 83.335999 0.000000 7362.000000 3.000000
255.425995 94.380600 0.000000 2340.000000 2.000000
277.462006 142.574997 0.000000 4346.000000 3.000000
228.380997 91.368401 0.000000 7097.000000 3.000000
255.425995 154.623001 0.000000 2386.000000 2.000000
228.380997 156.632004 0.000000 7087.000000 3.000000
225.376007 62.250999 0.000000 3523.000000 2.000000
225.376007 185.748993 0.000000 3522.000000 2.000000
224.373993 186.753006 0.000000 4503.000000 3.000000
241.401993 125.505997 0.000000 1551.000000 2.000000
210.350998 124.501999 0.000000 5645.000000 3.000000
224.373993 61.247002 0.000000 4504.000000 3.000000
298.497009 0.000000 0.000000 1778.000000 2.000000
270.450989 138.559006 0.000000 133.199997 0.000000
