479.799988 122.494003 0.000000 8983.000000 2.000000
478.798004 126.510002 0.000000 11960.000000 3.000000
476.795013 120.486000 0.000000 11890.000000 3.000000
494.825012 135.546997 0.000000 3843.000000 2.000000
534.890991 152.615005 0.000000 5724.000000 3.000000
366.610992 196.794006 0.000000 5070.000000 2.000000
381.635986 208.841995 0.000000 8413.000000 3.000000
366.610992 50.202400 0.000000 5142.000000 2.000000
381.635986 39.157902 0.000000 8404.000000 3.000000
493.822998 112.453003 0.000000 3847.000000 2.000000
369.615997 133.537994 0.000000 5468.000000 2.000000
374.623993 132.533997 0.000000 7677.000000 3.000000
356.593994 122.494003 0.000000 7663.000000 3.000000
369.615997 114.461998 0.000000 5462.000000 2.000000
374.623993 114.461998 0.000000 7659.000000 3.000000
357.596008 194.785004 0.000000 7557.000000 3.000000
360.601013 203.822006 0.000000 4111.000000 2.000000
534.890991 95.384598 0.000000 5731.000000 3.000000
357.596008 53.214600 0.000000 7513.000000 3.000000
360.601013 44.178101 0.000000 4105.000000 2.000000
343.572998 122.494003 0.000000 4806.000000 2.000000
382.638000 0.000000 0.000000 5832.000000 3.000000
337.562988 123.498001 0.000000 6695.000000 3.000000
382.638000 248.000000 0.000000 5834.000000 3.000000
401.669006 139.563004 0.000000 2334.000000 2.000000
567.947021 187.757004 0.000000 2624.000000 2.000000
571.953003 62.250999 0.000000 2598.000000 2.000000
496.828003 69.279404 0.000000 33.450001 0.000000
