325.542999 123.498001 0.000000 9706.000000 2.000000
328.548004 126.510002 0.000000 13180.000000 3.000000
328.548004 121.489998 0.000000 13170.000000 3.000000
304.507996 183.740997 0.000000 2573.000000 2.000000
317.528992 177.716995 0.000000 4335.000000 3.000000
280.467010 125.505997 0.000000 4488.000000 2.000000
288.480988 124.501999 0.000000 10200.000000 3.000000
307.513000 125.505997 0.000000 2952.000000 2.000000
282.471008 70.283401 0.000000 5373.000000 2.000000
279.466003 74.299599 0.000000 7622.000000 3.000000
283.471985 177.716995 0.000000 5284.000000 2.000000
279.466003 173.699997 0.000000 7617.000000 3.000000
304.507996 65.263199 0.000000 2550.000000 2.000000
317.528992 70.283401 0.000000 4341.000000 3.000000
290.484009 66.267197 0.000000 7342.000000 3.000000
290.484009 181.733002 0.000000 7341.000000 3.000000
272.454010 122.494003 0.000000 6950.000000 3.000000
348.580994 72.291496 0.000000 2476.000000 2.000000
348.580994 175.707993 0.000000 2498.000000 2.000000
314.523987 95.384598 0.000000 20.040001 0.000000
