333.556000 124.501999 0.000000 10020.000000 2.000000
331.553009 126.510002 0.000000 13810.000000 3.000000
331.553009 121.489998 0.000000 13830.000000 3.000000
305.509003 183.740997 0.000000 2568.000000 2.000000
318.531006 178.720993 0.000000 4147.000000 3.000000
282.471008 125.505997 0.000000 4572.000000 2.000000
290.484009 124.501999 0.000000 10710.000000 3.000000
285.476013 69.279404 0.000000 5454.000000 2.000000
281.468994 73.295502 0.000000 7602.000000 3.000000
307.513000 125.505997 0.000000 2798.000000 2.000000
285.476013 179.725006 0.000000 5436.000000 2.000000
281.468994 174.703995 0.000000 7599.000000 3.000000
305.509003 63.255100 0.000000 2545.000000 2.000000
318.531006 69.279404 0.000000 4155.000000 3.000000
292.487000 182.737000 0.000000 7288.000000 3.000000
292.487000 65.263199 0.000000 7271.000000 3.000000
273.455994 122.494003 0.000000 7066.000000 3.000000
350.584015 176.712997 0.000000 2452.000000 2.000000
346.578003 71.287498 0.000000 2420.000000 2.000000
318.531006 94.380600 0.000000 20.000000 0.000000
