505.842987 124.501999 0.000000 6886.000000 2.000000
506.845001 127.514000 0.000000 11120.000000 3.000000
0.000000 64.259102 0.000000 1012.000000 2.000000
0.000000 57.230801 0.000000 2716.000000 3.000000
506.845001 120.486000 0.000000 11110.000000 3.000000
0.000000 182.737000 0.000000 948.200012 2.000000
0.000000 192.776993 0.000000 2723.000000 3.000000
392.653992 133.537994 0.000000 4825.000000 2.000000
396.661011 137.554993 0.000000 9569.000000 3.000000
0.000000 87.352203 0.000000 4635.000000 3.000000
392.653992 114.461998 0.000000 4836.000000 2.000000
396.661011 110.445000 0.000000 9532.000000 3.000000
526.877991 139.563004 0.000000 3362.000000 2.000000
0.000000 94.380600 0.000000 1000.000000 2.000000
0.000000 162.656006 0.000000 4644.000000 3.000000
385.643005 201.813995 0.000000 6187.000000 2.000000
403.673004 214.865997 0.000000 9520.000000 3.000000
384.640991 46.186199 0.000000 6160.000000 2.000000
403.673004 33.133598 0.000000 9493.000000 3.000000
378.631012 192.776993 0.000000 8587.000000 3.000000
88.146896 0.000000 0.000000 771.900024 2.000000
88.146896 248.000000 0.000000 771.900024 2.000000
378.631012 55.222698 0.000000 8584.000000 3.000000
600.000000 66.267197 0.000000 845.000000 2.000000
370.618011 122.494003 0.000000 6811.000000 3.000000
371.618988 145.587006 0.000000 4601.000000 2.000000
371.618988 103.417000 0.000000 4591.000000 2.000000
365.609009 98.396797 0.000000 6024.000000 3.000000
365.609009 149.602997 0.000000 6006.000000 3.000000
411.686005 138.559006 0.000000 1693.000000 2.000000
526.877991 108.436996 0.000000 3311.000000 2.000000
585.976990 91.368401 0.000000 5282.000000 3.000000
585.976990 156.632004 0.000000 5279.000000 3.000000
536.895020 180.729004 0.000000 24.570000 0.000000
