422.704010 123.498001 0.000000 10380.000000 2.000000
421.703003 121.489998 0.000000 12100.000000 3.000000
420.700989 126.510002 0.000000 12130.000000 3.000000
335.558990 138.559006 0.000000 5267.000000 2.000000
340.567993 142.574997 0.000000 6633.000000 3.000000
317.528992 124.501999 0.000000 5034.000000 2.000000
309.515991 124.501999 0.000000 11740.000000 3.000000
440.734985 57.230801 0.000000 2628.000000 2.000000
342.571014 52.210499 0.000000 8365.000000 3.000000
355.592987 142.574997 0.000000 2849.000000 2.000000
334.558014 109.441002 0.000000 5256.000000 2.000000
340.567993 105.425003 0.000000 6638.000000 3.000000
330.550995 120.486000 0.000000 7235.000000 3.000000
440.734985 191.772995 0.000000 2639.000000 2.000000
342.571014 195.789001 0.000000 8359.000000 3.000000
401.669006 81.327904 0.000000 41.779999 0.000000
