441.735992 124.501999 0.000000 10210.000000 2.000000
440.734985 126.510002 0.000000 12370.000000 3.000000
454.757996 134.542999 0.000000 4446.000000 2.000000
485.809998 147.595001 0.000000 5977.000000 3.000000
440.734985 121.489998 0.000000 12340.000000 3.000000
328.548004 123.498001 0.000000 5170.000000 2.000000
339.566010 121.489998 0.000000 8251.000000 3.000000
455.760010 113.457001 0.000000 4464.000000 2.000000
485.809998 100.404999 0.000000 5987.000000 3.000000
344.574005 52.210499 0.000000 5720.000000 2.000000
339.566010 54.218601 0.000000 7056.000000 3.000000
344.574005 195.789001 0.000000 5716.000000 2.000000
339.566010 193.781006 0.000000 7066.000000 3.000000
315.526001 124.501999 0.000000 7470.000000 3.000000
356.593994 200.809998 0.000000 8214.000000 3.000000
396.661011 103.417000 0.000000 2397.000000 2.000000
449.750000 195.789001 0.000000 2752.000000 2.000000
356.593994 47.190300 0.000000 8215.000000 3.000000
444.740997 50.202400 0.000000 2739.000000 2.000000
421.703003 79.319801 0.000000 41.439999 0.000000
