305.509003 123.498001 0.000000 7110.000000 2.000000
306.510986 119.482002 0.000000 10710.000000 3.000000
346.578003 150.606995 0.000000 3058.000000 2.000000
305.509003 166.671997 0.000000 5838.000000 3.000000
306.510986 128.518005 0.000000 10670.000000 3.000000
275.459015 122.494003 0.000000 3662.000000 2.000000
268.446991 123.498001 0.000000 9364.000000 3.000000
312.520996 115.466003 0.000000 5867.000000 2.000000
311.519012 132.533997 0.000000 5682.000000 2.000000
316.528015 137.554993 0.000000 7812.000000 3.000000
316.528015 110.445000 0.000000 7780.000000 3.000000
263.438995 76.307701 0.000000 6057.000000 2.000000
270.450989 73.295502 0.000000 7310.000000 3.000000
264.441010 172.695999 0.000000 5963.000000 2.000000
270.450989 174.703995 0.000000 7306.000000 3.000000
259.432007 165.667999 0.000000 7165.000000 3.000000
282.471008 176.712997 0.000000 2551.000000 2.000000
346.578003 97.392700 0.000000 3061.000000 2.000000
305.509003 81.327904 0.000000 5847.000000 3.000000
259.432007 82.332001 0.000000 7158.000000 3.000000
288.480988 73.295502 0.000000 2529.000000 2.000000
291.485992 160.647995 0.000000 27.090000 0.000000
