600.000000 177.716995 0.000000 783.000000 2.000000
441.735992 225.910995 0.000000 12370.000000 3.000000
0.000000 111.448997 0.000000 1000.000000 2.000000
0.000000 102.413002 0.000000 3255.000000 3.000000
600.000000 66.267197 0.000000 783.099976 2.000000
441.735992 22.089100 0.000000 12290.000000 3.000000
0.000000 147.595001 0.000000 3256.000000 3.000000
0.000000 170.688004 0.000000 501.200012 2.000000
1.001670 248.000000 0.000000 501.200012 2.000000
0.000000 203.822006 0.000000 4046.000000 3.000000
1.001670 0.000000 0.000000 500.700012 2.000000
0.000000 46.186199 0.000000 4052.000000 3.000000
423.705994 111.448997 0.000000 3479.000000 2.000000
429.716003 107.432999 0.000000 5414.000000 3.000000
423.705994 136.550995 0.000000 3456.000000 2.000000
429.716003 140.567001 0.000000 5459.000000 3.000000
400.667999 130.526001 0.000000 5680.000000 2.000000
408.681000 137.554993 0.000000 7020.000000 3.000000
401.669006 117.473999 0.000000 5687.000000 2.000000
408.681000 110.445000 0.000000 7032.000000 3.000000
395.658997 124.501999 0.000000 7066.000000 3.000000
449.750000 143.578995 0.000000 1529.000000 2.000000
541.903015 124.501999 0.000000 5390.000000 2.000000
542.905029 128.518005 0.000000 10290.000000 3.000000
541.903015 118.477997 0.000000 10340.000000 3.000000
0.000000 71.287498 0.000000 12.030000 0.000000
