294.490997 113.457001 0.000000 2591.000000 2.000000
284.473999 122.494003 0.000000 8263.000000 3.000000
294.490997 134.542999 0.000000 2587.000000 2.000000
294.490997 136.550995 0.000000 4216.000000 3.000000
294.490997 111.448997 0.000000 4227.000000 3.000000
243.406006 77.311699 0.000000 4346.000000 2.000000
243.406006 85.344101 0.000000 7869.000000 3.000000
243.406006 169.684006 0.000000 4364.000000 2.000000
243.406006 162.656006 0.000000 7864.000000 3.000000
268.446991 164.664001 0.000000 2369.000000 2.000000
285.476013 151.610992 0.000000 5994.000000 3.000000
234.391006 167.675995 0.000000 6223.000000 3.000000
234.391006 80.323898 0.000000 6222.000000 3.000000
268.446991 84.340103 0.000000 2348.000000 2.000000
285.476013 96.388702 0.000000 6000.000000 3.000000
248.414001 123.498001 0.000000 2491.000000 2.000000
244.406998 124.501999 0.000000 6154.000000 3.000000
294.490997 103.417000 0.000000 2332.000000 2.000000
298.497009 143.578995 0.000000 2292.000000 2.000000
265.441986 151.610992 0.000000 50.910000 0.000000
