294.490997 134.542999 0.000000 2399.000000 2.000000
283.471985 122.494003 0.000000 8183.000000 3.000000
241.401993 169.684006 0.000000 4476.000000 2.000000
242.404007 162.656006 0.000000 7979.000000 3.000000
291.485992 144.582993 0.000000 2430.000000 2.000000
293.489014 137.554993 0.000000 3993.000000 3.000000
291.485992 104.420998 0.000000 2457.000000 2.000000
293.489014 110.445000 0.000000 4000.000000 3.000000
242.404007 78.315804 0.000000 4461.000000 2.000000
242.404007 85.344101 0.000000 7962.000000 3.000000
246.410995 124.501999 0.000000 2186.000000 2.000000
241.401993 123.498001 0.000000 5746.000000 3.000000
281.468994 96.388702 0.000000 6564.000000 3.000000
232.386993 80.323898 0.000000 6509.000000 3.000000
267.446014 84.340103 0.000000 2342.000000 2.000000
281.468994 151.610992 0.000000 6545.000000 3.000000
294.490997 113.457001 0.000000 2399.000000 2.000000
232.386993 167.675995 0.000000 6515.000000 3.000000
267.446014 162.656006 0.000000 2369.000000 2.000000
264.441010 150.606995 0.000000 58.060001 0.000000
