353.588989 123.498001 0.000000 11170.000000 2.000000
350.584015 122.494003 0.000000 13980.000000 3.000000
291.485992 125.505997 0.000000 5457.000000 2.000000
279.466003 123.498001 0.000000 7449.000000 3.000000
350.584015 125.505997 0.000000 13970.000000 3.000000
311.519012 122.494003 0.000000 2654.000000 2.000000
337.562988 182.737000 0.000000 2483.000000 2.000000
289.481995 176.712997 0.000000 7682.000000 3.000000
297.496002 124.501999 0.000000 12250.000000 3.000000
346.578003 66.267197 0.000000 2470.000000 2.000000
289.481995 71.287498 0.000000 7687.000000 3.000000
341.569000 93.376503 0.000000 24.010000 0.000000
