319.532990 124.501999 0.000000 8972.000000 2.000000
317.528992 121.489998 0.000000 11110.000000 3.000000
325.542999 173.699997 0.000000 2902.000000 2.000000
314.523987 174.703995 0.000000 4945.000000 3.000000
317.528992 126.510002 0.000000 11090.000000 3.000000
275.459015 122.494003 0.000000 4594.000000 2.000000
282.471008 124.501999 0.000000 9771.000000 3.000000
335.558990 74.299599 0.000000 2889.000000 2.000000
314.523987 73.295502 0.000000 4946.000000 3.000000
289.481995 126.510002 0.000000 3565.000000 2.000000
277.462006 71.287498 0.000000 5187.000000 2.000000
284.473999 68.275299 0.000000 7599.000000 3.000000
267.446014 122.494003 0.000000 6750.000000 3.000000
277.462006 175.707993 0.000000 5115.000000 2.000000
284.473999 179.725006 0.000000 7591.000000 3.000000
273.455994 76.307701 0.000000 7354.000000 3.000000
298.497009 67.271301 0.000000 2536.000000 2.000000
273.455994 171.692001 0.000000 7350.000000 3.000000
298.497009 181.733002 0.000000 2546.000000 2.000000
306.510986 95.384598 0.000000 24.400000 0.000000
