367.613007 123.498001 0.000000 11480.000000 2.000000
364.608002 125.505997 0.000000 14370.000000 3.000000
314.523987 189.764999 0.000000 2577.000000 2.000000
295.492004 178.720993 0.000000 7776.000000 3.000000
364.608002 122.494003 0.000000 14370.000000 3.000000
311.519012 117.473999 0.000000 3492.000000 2.000000
297.496002 122.494003 0.000000 5809.000000 2.000000
303.506012 124.501999 0.000000 9774.000000 3.000000
291.485992 124.501999 0.000000 7895.000000 3.000000
315.526001 58.234798 0.000000 2536.000000 2.000000
295.492004 69.279404 0.000000 7777.000000 3.000000
354.591003 92.372498 0.000000 28.570000 0.000000
