321.536011 121.489998 0.000000 5036.000000 2.000000
322.537994 116.470001 0.000000 7138.000000 3.000000
404.674011 123.498001 0.000000 10070.000000 2.000000
401.669006 126.510002 0.000000 13620.000000 3.000000
401.669006 121.489998 0.000000 13550.000000 3.000000
421.703003 186.753006 0.000000 2696.000000 2.000000
320.533997 126.510002 0.000000 4930.000000 2.000000
322.537994 131.529999 0.000000 7140.000000 3.000000
427.713013 61.247002 0.000000 2685.000000 2.000000
329.549011 55.222698 0.000000 9731.000000 3.000000
312.520996 124.501999 0.000000 7417.000000 3.000000
338.563995 141.570999 0.000000 2614.000000 2.000000
329.549011 192.776993 0.000000 9727.000000 3.000000
381.635986 85.344101 0.000000 37.759998 0.000000
