304.507996 120.486000 0.000000 6668.000000 2.000000
303.506012 117.473999 0.000000 9275.000000 3.000000
334.558014 93.376503 0.000000 2859.000000 2.000000
302.503998 83.335999 0.000000 5523.000000 3.000000
303.506012 127.514000 0.000000 6595.000000 2.000000
303.506012 130.526001 0.000000 9274.000000 3.000000
271.451996 122.494003 0.000000 3523.000000 2.000000
265.441986 123.498001 0.000000 8478.000000 3.000000
302.503998 122.494003 0.000000 8298.000000 3.000000
334.558014 153.619003 0.000000 2855.000000 2.000000
301.502991 165.667999 0.000000 5535.000000 3.000000
272.454010 73.295502 0.000000 2520.000000 2.000000
255.425995 83.335999 0.000000 7914.000000 3.000000
312.520996 112.453003 0.000000 5327.000000 2.000000
311.519012 135.546997 0.000000 5316.000000 2.000000
316.528015 141.570999 0.000000 6841.000000 3.000000
316.528015 106.429001 0.000000 6853.000000 3.000000
273.455994 175.707993 0.000000 2518.000000 2.000000
255.425995 164.664001 0.000000 7907.000000 3.000000
286.476990 160.647995 0.000000 32.430000 0.000000
