371.618988 123.498001 0.000000 11570.000000 2.000000
369.615997 125.505997 0.000000 14520.000000 3.000000
303.506012 184.744995 0.000000 5693.000000 2.000000
308.514008 187.757004 0.000000 7152.000000 3.000000
369.615997 122.494003 0.000000 14520.000000 3.000000
298.497009 121.489998 0.000000 5839.000000 2.000000
305.509003 124.501999 0.000000 9074.000000 3.000000
322.537994 115.466003 0.000000 3364.000000 2.000000
315.526001 58.234798 0.000000 2593.000000 2.000000
297.496002 68.275299 0.000000 7815.000000 3.000000
293.489014 124.501999 0.000000 8069.000000 3.000000
297.496002 179.725006 0.000000 7820.000000 3.000000
316.528015 189.764999 0.000000 2606.000000 2.000000
358.597992 91.368401 0.000000 29.600000 0.000000
