287.479004 113.457001 0.000000 1652.000000 2.000000
257.428986 123.498001 0.000000 8917.000000 3.000000
219.365997 185.748993 0.000000 3255.000000 2.000000
219.365997 186.753006 0.000000 4345.000000 3.000000
219.365997 62.250999 0.000000 3256.000000 2.000000
219.365997 61.247002 0.000000 4346.000000 3.000000
217.362000 83.335999 0.000000 7383.000000 3.000000
225.376007 158.639999 0.000000 3427.000000 2.000000
217.362000 164.664001 0.000000 7379.000000 3.000000
222.371002 85.344101 0.000000 3250.000000 2.000000
221.369003 94.380600 0.000000 3517.000000 2.000000
227.378998 92.372498 0.000000 4402.000000 3.000000
221.369003 154.623001 0.000000 3463.000000 2.000000
227.378998 155.628006 0.000000 4402.000000 3.000000
219.365997 126.510002 0.000000 1328.000000 2.000000
201.335999 124.501999 0.000000 5457.000000 3.000000
215.358994 96.388702 0.000000 5937.000000 3.000000
253.421997 98.396797 0.000000 2138.000000 2.000000
258.431000 103.417000 0.000000 5898.000000 3.000000
255.425995 149.602997 0.000000 2192.000000 2.000000
258.431000 144.582993 0.000000 5909.000000 3.000000
215.358994 152.615005 0.000000 5935.000000 3.000000
296.493988 0.000000 0.000000 1626.000000 2.000000
264.441010 136.550995 0.000000 137.100006 0.000000
