300.501007 120.486000 0.000000 5230.000000 2.000000
293.489014 124.501999 0.000000 10730.000000 3.000000
304.507996 93.376503 0.000000 3220.000000 2.000000
299.498993 87.352203 0.000000 5072.000000 3.000000
275.459015 172.695999 0.000000 2488.000000 2.000000
251.419006 164.664001 0.000000 8535.000000 3.000000
305.509003 153.619003 0.000000 3365.000000 2.000000
299.498993 160.647995 0.000000 5072.000000 3.000000
312.520996 140.567001 0.000000 4068.000000 2.000000
314.523987 144.582993 0.000000 6529.000000 3.000000
313.523010 107.432999 0.000000 4051.000000 2.000000
314.523987 103.417000 0.000000 6557.000000 3.000000
266.444000 122.494003 0.000000 3692.000000 2.000000
262.437012 125.505997 0.000000 7809.000000 3.000000
300.501007 128.518005 0.000000 5158.000000 2.000000
301.502991 131.529999 0.000000 7937.000000 3.000000
301.502991 116.470001 0.000000 7946.000000 3.000000
275.459015 74.299599 0.000000 2477.000000 2.000000
251.419006 83.335999 0.000000 8509.000000 3.000000
282.471008 157.636002 0.000000 35.209999 0.000000
