323.539001 123.498001 0.000000 9730.000000 2.000000
326.544006 126.510002 0.000000 12070.000000 3.000000
326.544006 121.489998 0.000000 12070.000000 3.000000
348.580994 173.699997 0.000000 2634.000000 2.000000
316.528015 176.712997 0.000000 4536.000000 3.000000
279.466003 125.505997 0.000000 4457.000000 2.000000
286.476990 124.501999 0.000000 9926.000000 3.000000
307.513000 125.505997 0.000000 3187.000000 2.000000
280.467010 71.287498 0.000000 5296.000000 2.000000
277.462006 75.303596 0.000000 7543.000000 3.000000
280.467010 177.716995 0.000000 5111.000000 2.000000
277.462006 172.695999 0.000000 7535.000000 3.000000
345.575989 74.299599 0.000000 2582.000000 2.000000
316.528015 71.287498 0.000000 4541.000000 3.000000
287.479004 67.271301 0.000000 7337.000000 3.000000
287.479004 180.729004 0.000000 7336.000000 3.000000
299.498993 64.259102 0.000000 2541.000000 2.000000
299.498993 182.737000 0.000000 2566.000000 2.000000
270.450989 122.494003 0.000000 6912.000000 3.000000
311.519012 95.384598 0.000000 20.639999 0.000000
