501.835999 124.501999 0.000000 7258.000000 2.000000
501.835999 127.514000 0.000000 11240.000000 3.000000
0.000000 183.740997 0.000000 1126.000000 2.000000
0.000000 190.768997 0.000000 2500.000000 3.000000
501.835999 120.486000 0.000000 11240.000000 3.000000
0.000000 66.267197 0.000000 1133.000000 2.000000
0.000000 59.238899 0.000000 2519.000000 3.000000
0.000000 85.344101 0.000000 4387.000000 3.000000
0.000000 91.368401 0.000000 1000.000000 2.000000
0.000000 164.664001 0.000000 4395.000000 3.000000
405.675995 217.878998 0.000000 6882.000000 2.000000
399.665985 213.862000 0.000000 9436.000000 3.000000
516.861023 137.554993 0.000000 3406.000000 2.000000
380.634003 48.194302 0.000000 5792.000000 2.000000
399.665985 34.137699 0.000000 9405.000000 3.000000
91.151901 0.000000 0.000000 769.799988 2.000000
388.648010 132.533997 0.000000 5005.000000 2.000000
392.653992 137.554993 0.000000 9207.000000 3.000000
389.648987 115.466003 0.000000 4984.000000 2.000000
392.653992 110.445000 0.000000 9166.000000 3.000000
373.622986 54.218601 0.000000 8659.000000 3.000000
383.639008 0.000000 0.000000 4174.000000 2.000000
381.635986 199.806000 0.000000 5819.000000 2.000000
373.622986 193.781006 0.000000 8658.000000 3.000000
406.678009 217.878998 0.000000 8197.000000 3.000000
382.638000 248.000000 0.000000 4180.000000 2.000000
367.613007 122.494003 0.000000 6910.000000 3.000000
368.614014 103.417000 0.000000 4663.000000 2.000000
363.605988 98.396797 0.000000 6129.000000 3.000000
368.614014 145.587006 0.000000 4686.000000 2.000000
363.605988 149.602997 0.000000 6116.000000 3.000000
516.861023 110.445000 0.000000 3372.000000 2.000000
578.965027 91.368401 0.000000 5334.000000 3.000000
578.965027 156.632004 0.000000 5331.000000 3.000000
408.681000 138.559006 0.000000 1782.000000 2.000000
362.604004 248.000000 0.000000 5328.000000 3.000000
600.000000 183.740997 0.000000 1294.000000 2.000000
362.604004 0.000000 0.000000 5323.000000 3.000000
600.000000 65.263199 0.000000 1264.000000 2.000000
529.882996 180.729004 0.000000 25.750000 0.000000
