412.687988 124.501999 0.000000 10820.000000 2.000000
410.683990 121.489998 0.000000 12820.000000 3.000000
410.683990 126.510002 0.000000 12820.000000 3.000000
312.520996 124.501999 0.000000 5000.000000 2.000000
325.542999 117.473999 0.000000 6897.000000 3.000000
432.721008 58.234798 0.000000 2616.000000 2.000000
334.558014 54.218601 0.000000 9569.000000 3.000000
348.580994 142.574997 0.000000 2754.000000 2.000000
305.509003 125.505997 0.000000 8369.000000 3.000000
432.721008 188.761002 0.000000 2624.000000 2.000000
334.558014 193.781006 0.000000 9534.000000 3.000000
391.653015 82.332001 0.000000 39.110001 0.000000
