267.446014 114.461998 0.000000 1525.000000 2.000000
241.401993 124.501999 0.000000 7030.000000 3.000000
184.307007 248.000000 0.000000 932.000000 2.000000
182.304001 124.501999 0.000000 3303.000000 3.000000
207.345993 185.748993 0.000000 2194.000000 2.000000
205.341995 162.656006 0.000000 6684.000000 3.000000
207.345993 62.250999 0.000000 2194.000000 2.000000
205.341995 85.344101 0.000000 6684.000000 3.000000
245.408997 144.582993 0.000000 1613.000000 2.000000
201.335999 146.591003 0.000000 4788.000000 3.000000
245.408997 104.420998 0.000000 1468.000000 2.000000
201.335999 101.408997 0.000000 4787.000000 3.000000
248.414001 140.567001 0.000000 3729.000000 3.000000
248.414001 107.432999 0.000000 3726.000000 3.000000
266.444000 133.537994 0.000000 1480.000000 2.000000
206.343994 186.753006 0.000000 3364.000000 3.000000
224.373993 93.376503 0.000000 1052.000000 2.000000
278.463989 0.000000 0.000000 1051.000000 2.000000
206.343994 61.247002 0.000000 3364.000000 3.000000
251.419006 114.461998 0.000000 168.399994 0.000000
