447.746002 122.494003 0.000000 10200.000000 2.000000
446.744995 126.510002 0.000000 12480.000000 3.000000
446.744995 121.489998 0.000000 12440.000000 3.000000
321.536011 123.498001 0.000000 5026.000000 2.000000
342.571014 122.494003 0.000000 8392.000000 3.000000
461.769989 114.461998 0.000000 4315.000000 2.000000
461.769989 134.542999 0.000000 4306.000000 2.000000
493.822998 148.598999 0.000000 5908.000000 3.000000
493.822998 99.400803 0.000000 5919.000000 3.000000
317.528992 124.501999 0.000000 6942.000000 3.000000
349.583008 52.210499 0.000000 5442.000000 2.000000
342.571014 54.218601 0.000000 7517.000000 3.000000
350.584015 195.789001 0.000000 5368.000000 2.000000
342.571014 193.781006 0.000000 7524.000000 3.000000
359.598999 201.813995 0.000000 8206.000000 3.000000
444.740997 198.802002 0.000000 2798.000000 2.000000
401.669006 144.582993 0.000000 2528.000000 2.000000
360.601013 46.186199 0.000000 8207.000000 3.000000
443.739990 49.198399 0.000000 2779.000000 2.000000
427.713013 78.315804 0.000000 39.849998 0.000000
