345.575989 123.498001 0.000000 11420.000000 2.000000
343.572998 125.505997 0.000000 14730.000000 3.000000
293.489014 181.733002 0.000000 5558.000000 2.000000
298.497009 184.744995 0.000000 7112.000000 3.000000
343.572998 122.494003 0.000000 14700.000000 3.000000
289.481995 125.505997 0.000000 5167.000000 2.000000
278.463989 123.498001 0.000000 7278.000000 3.000000
310.518005 125.505997 0.000000 2651.000000 2.000000
287.479004 175.707993 0.000000 7634.000000 3.000000
296.493988 124.501999 0.000000 12600.000000 3.000000
351.585999 180.729004 0.000000 2458.000000 2.000000
349.583008 0.000000 0.000000 2440.000000 2.000000
287.479004 72.291496 0.000000 7642.000000 3.000000
331.553009 93.376503 0.000000 24.200001 0.000000
