512.854980 124.501999 0.000000 6404.000000 2.000000
513.856018 127.514000 0.000000 10640.000000 3.000000
0.000000 65.263199 0.000000 774.200012 2.000000
0.000000 55.222698 0.000000 3087.000000 3.000000
513.856018 120.486000 0.000000 10570.000000 3.000000
390.651001 202.817993 0.000000 6543.000000 2.000000
408.681000 215.869995 0.000000 9514.000000 3.000000
0.000000 174.703995 0.000000 774.200012 2.000000
0.000000 194.785004 0.000000 3093.000000 3.000000
533.890015 139.563004 0.000000 3279.000000 2.000000
397.662994 133.537994 0.000000 4830.000000 2.000000
403.673004 136.550995 0.000000 9511.000000 3.000000
390.651001 45.182201 0.000000 6532.000000 2.000000
408.681000 32.129601 0.000000 9508.000000 3.000000
397.662994 114.461998 0.000000 4834.000000 2.000000
403.673004 111.448997 0.000000 9410.000000 3.000000
385.643005 56.226700 0.000000 8441.000000 3.000000
600.000000 66.267197 0.000000 774.299988 2.000000
385.643005 191.772995 0.000000 8424.000000 3.000000
80.133598 248.000000 0.000000 774.200012 2.000000
376.627991 122.494003 0.000000 6722.000000 3.000000
0.000000 97.392700 0.000000 1000.000000 2.000000
0.000000 90.364403 0.000000 4763.000000 3.000000
0.000000 159.643997 0.000000 4763.000000 3.000000
375.626007 145.587006 0.000000 4496.000000 2.000000
369.615997 150.606995 0.000000 5899.000000 3.000000
376.627991 102.413002 0.000000 4484.000000 2.000000
369.615997 97.392700 0.000000 5897.000000 3.000000
431.720001 150.606995 0.000000 1601.000000 2.000000
81.135201 0.000000 0.000000 774.200012 2.000000
532.888000 108.436996 0.000000 3204.000000 2.000000
592.987976 92.372498 0.000000 5145.000000 3.000000
593.989990 155.628006 0.000000 5144.000000 3.000000
547.913025 180.729004 0.000000 22.920000 0.000000
