450.751007 122.494003 0.000000 10080.000000 2.000000
449.750000 126.510002 0.000000 12530.000000 3.000000
449.750000 121.489998 0.000000 12490.000000 3.000000
464.774994 134.542999 0.000000 4251.000000 2.000000
496.828003 148.598999 0.000000 5860.000000 3.000000
323.539001 123.498001 0.000000 4798.000000 2.000000
344.574005 122.494003 0.000000 8381.000000 3.000000
465.776001 113.457001 0.000000 4272.000000 2.000000
496.828003 99.400803 0.000000 5872.000000 3.000000
319.532990 124.501999 0.000000 7052.000000 3.000000
350.584015 52.210499 0.000000 5262.000000 2.000000
343.572998 53.214600 0.000000 7694.000000 3.000000
351.585999 195.789001 0.000000 5172.000000 2.000000
343.572998 194.785004 0.000000 7708.000000 3.000000
362.604004 45.182201 0.000000 8244.000000 3.000000
444.740997 199.806000 0.000000 2818.000000 2.000000
443.739990 48.194302 0.000000 2801.000000 2.000000
403.673004 103.417000 0.000000 2632.000000 2.000000
362.604004 202.817993 0.000000 8267.000000 3.000000
430.717987 78.315804 0.000000 39.169998 0.000000
