443.739990 226.914993 0.000000 10170.000000 2.000000
442.738007 225.910995 0.000000 12220.000000 3.000000
0.000000 111.448997 0.000000 1000.000000 2.000000
0.000000 103.417000 0.000000 3141.000000 3.000000
600.000000 69.279404 0.000000 784.400024 2.000000
443.739990 22.089100 0.000000 12220.000000 3.000000
0.000000 146.591003 0.000000 3145.000000 3.000000
444.740997 226.914993 0.000000 11920.000000 3.000000
446.744995 226.914993 0.000000 9061.000000 2.000000
543.906006 124.501999 0.000000 5312.000000 2.000000
544.908020 118.477997 0.000000 10390.000000 3.000000
0.000000 169.684006 0.000000 496.799988 2.000000
1.001670 0.000000 0.000000 496.299988 2.000000
0.000000 45.182201 0.000000 4041.000000 3.000000
1.001670 248.000000 0.000000 496.799988 2.000000
0.000000 204.826004 0.000000 4043.000000 3.000000
446.744995 227.919006 0.000000 10320.000000 3.000000
600.000000 178.720993 0.000000 784.000000 2.000000
425.709991 111.448997 0.000000 3401.000000 2.000000
431.720001 107.432999 0.000000 5306.000000 3.000000
425.709991 136.550995 0.000000 3374.000000 2.000000
431.720001 140.567001 0.000000 5360.000000 3.000000
402.670990 117.473999 0.000000 5654.000000 2.000000
396.661011 124.501999 0.000000 7050.000000 3.000000
402.670990 129.522003 0.000000 5644.000000 2.000000
409.683014 137.554993 0.000000 7148.000000 3.000000
409.683014 110.445000 0.000000 7156.000000 3.000000
451.752991 143.578995 0.000000 1502.000000 2.000000
545.909973 128.518005 0.000000 10290.000000 3.000000
0.000000 70.283401 0.000000 14.290000 0.000000
