496.828003 124.501999 0.000000 7667.000000 2.000000
496.828003 120.486000 0.000000 11320.000000 3.000000
0.000000 64.259102 0.000000 1298.000000 2.000000
0.000000 61.247002 0.000000 2443.000000 3.000000
0.000000 83.335999 0.000000 4034.000000 3.000000
0.000000 89.360298 0.000000 1000.000000 2.000000
0.000000 166.671997 0.000000 4040.000000 3.000000
496.828003 127.514000 0.000000 11310.000000 3.000000
377.628998 199.806000 0.000000 5500.000000 2.000000
395.658997 212.858002 0.000000 9252.000000 3.000000
510.851013 137.554993 0.000000 3432.000000 2.000000
377.628998 49.198399 0.000000 5536.000000 2.000000
395.658997 35.141701 0.000000 9222.000000 3.000000
93.155296 248.000000 0.000000 764.900024 2.000000
369.615997 54.218601 0.000000 8739.000000 3.000000
376.627991 0.000000 0.000000 4121.000000 2.000000
370.618011 193.781006 0.000000 8730.000000 3.000000
374.623993 248.000000 0.000000 4120.000000 2.000000
382.638000 132.533997 0.000000 5105.000000 2.000000
388.648010 137.554993 0.000000 8328.000000 3.000000
382.638000 114.461998 0.000000 5008.000000 2.000000
388.648010 110.445000 0.000000 8311.000000 3.000000
363.605988 122.494003 0.000000 7033.000000 3.000000
365.609009 145.587006 0.000000 4788.000000 2.000000
366.610992 102.413002 0.000000 4772.000000 2.000000
361.602997 98.396797 0.000000 6184.000000 3.000000
361.602997 149.602997 0.000000 6178.000000 3.000000
404.674011 138.559006 0.000000 1856.000000 2.000000
512.854980 110.445000 0.000000 3415.000000 2.000000
568.947998 92.372498 0.000000 5388.000000 3.000000
568.947998 155.628006 0.000000 5386.000000 3.000000
359.598999 248.000000 0.000000 5331.000000 3.000000
600.000000 183.740997 0.000000 1410.000000 2.000000
600.000000 63.255100 0.000000 1426.000000 2.000000
359.598999 0.000000 0.000000 5324.000000 3.000000
521.869995 67.271301 0.000000 27.000000 0.000000
