259.432007 125.505997 0.000000 4116.000000 2.000000
289.481995 122.494003 0.000000 13500.000000 3.000000
293.489014 95.384598 0.000000 3826.000000 2.000000
290.484009 92.372498 0.000000 5358.000000 3.000000
297.496002 131.529999 0.000000 3293.000000 2.000000
298.497009 134.542999 0.000000 5360.000000 3.000000
298.497009 116.470001 0.000000 3323.000000 2.000000
298.497009 113.457001 0.000000 5370.000000 3.000000
274.457001 78.315804 0.000000 2410.000000 2.000000
245.408997 85.344101 0.000000 8884.000000 3.000000
299.498993 142.574997 0.000000 2502.000000 2.000000
302.503998 149.602997 0.000000 5408.000000 3.000000
273.455994 169.684006 0.000000 2442.000000 2.000000
245.408997 162.656006 0.000000 8872.000000 3.000000
302.503998 98.396797 0.000000 5450.000000 3.000000
301.502991 102.413002 0.000000 2556.000000 2.000000
255.425995 123.498001 0.000000 7759.000000 3.000000
274.457001 154.623001 0.000000 35.849998 0.000000
