462.770996 122.494003 0.000000 9653.000000 2.000000
460.768005 126.510002 0.000000 12520.000000 3.000000
476.795013 134.542999 0.000000 4106.000000 2.000000
518.864990 153.619003 0.000000 5850.000000 3.000000
460.768005 121.489998 0.000000 12420.000000 3.000000
477.795990 113.457001 0.000000 4120.000000 2.000000
356.593994 195.789001 0.000000 4830.000000 2.000000
369.615997 204.826004 0.000000 8255.000000 3.000000
356.593994 51.206501 0.000000 5001.000000 2.000000
369.615997 43.174099 0.000000 8226.000000 3.000000
518.864990 94.380600 0.000000 5858.000000 3.000000
353.588989 135.546997 0.000000 6405.000000 2.000000
350.584015 122.494003 0.000000 8046.000000 3.000000
349.583008 194.785004 0.000000 7777.000000 3.000000
331.553009 123.498001 0.000000 4425.000000 2.000000
326.544006 123.498001 0.000000 7426.000000 3.000000
361.602997 134.542999 0.000000 7694.000000 3.000000
540.901001 184.744995 0.000000 2762.000000 2.000000
353.588989 112.453003 0.000000 6392.000000 2.000000
361.602997 113.457001 0.000000 7701.000000 3.000000
384.640991 107.432999 0.000000 2554.000000 2.000000
349.583008 53.214600 0.000000 7775.000000 3.000000
539.900024 63.255100 0.000000 2717.000000 2.000000
476.795013 73.295502 0.000000 36.689999 0.000000
