530.885010 124.501999 0.000000 5765.000000 2.000000
530.885010 128.518005 0.000000 10490.000000 3.000000
530.885010 119.482002 0.000000 10390.000000 3.000000
425.709991 141.570999 0.000000 2226.000000 2.000000
443.739990 150.606995 0.000000 3279.000000 3.000000
600.000000 179.725006 0.000000 778.200012 2.000000
430.717987 222.899002 0.000000 10330.000000 3.000000
1.001670 0.000000 0.000000 778.200012 2.000000
0.000000 49.198399 0.000000 3883.000000 3.000000
430.717987 25.101200 0.000000 10250.000000 3.000000
1.001670 248.000000 0.000000 778.200012 2.000000
0.000000 200.809998 0.000000 3908.000000 3.000000
438.730988 144.582993 0.000000 1613.000000 2.000000
0.000000 106.429001 0.000000 1000.000000 2.000000
0.000000 151.610992 0.000000 3963.000000 3.000000
0.000000 98.396797 0.000000 3971.000000 3.000000
0.000000 171.692001 0.000000 778.200012 2.000000
414.691010 112.453003 0.000000 4072.000000 2.000000
420.700989 109.441002 0.000000 6017.000000 3.000000
413.688995 135.546997 0.000000 4057.000000 2.000000
420.700989 138.559006 0.000000 6048.000000 3.000000
390.651001 124.501999 0.000000 6899.000000 3.000000
0.000000 78.315804 0.000000 778.200012 2.000000
580.968018 71.287498 0.000000 18.830000 0.000000
