521.869995 124.501999 0.000000 6016.000000 2.000000
521.869995 119.482002 0.000000 10730.000000 3.000000
521.869995 128.518005 0.000000 10660.000000 3.000000
1.001670 0.000000 0.000000 774.299988 2.000000
0.000000 52.210499 0.000000 3574.000000 3.000000
1.001670 248.000000 0.000000 774.299988 2.000000
0.000000 197.798004 0.000000 3593.000000 3.000000
0.000000 101.408997 0.000000 1000.000000 2.000000
0.000000 155.628006 0.000000 4484.000000 3.000000
396.661011 45.182201 0.000000 6775.000000 2.000000
421.703003 28.113400 0.000000 9706.000000 3.000000
540.901001 139.563004 0.000000 3207.000000 2.000000
0.000000 94.380600 0.000000 4493.000000 3.000000
397.662994 204.826004 0.000000 6727.000000 2.000000
421.703003 219.886993 0.000000 9690.000000 3.000000
0.000000 172.695999 0.000000 774.299988 2.000000
593.989990 151.610992 0.000000 4630.000000 3.000000
395.658997 57.230801 0.000000 8058.000000 3.000000
541.903015 108.436996 0.000000 3093.000000 2.000000
596.994995 95.384598 0.000000 4634.000000 3.000000
387.645996 147.595001 0.000000 4448.000000 2.000000
374.623993 150.606995 0.000000 5641.000000 3.000000
387.645996 99.400803 0.000000 4441.000000 2.000000
375.626007 97.392700 0.000000 5659.000000 3.000000
405.675995 113.457001 0.000000 4884.000000 2.000000
384.640991 122.494003 0.000000 6709.000000 3.000000
438.730988 148.598999 0.000000 1597.000000 2.000000
411.686005 110.445000 0.000000 7226.000000 3.000000
405.675995 134.542999 0.000000 4868.000000 2.000000
411.686005 137.554993 0.000000 7305.000000 3.000000
395.658997 191.772995 0.000000 8040.000000 3.000000
600.000000 175.707993 0.000000 774.299988 2.000000
0.000000 77.311699 0.000000 774.299988 2.000000
565.942993 68.275299 0.000000 21.290001 0.000000
