241.401993 166.671997 0.000000 4463.000000 2.000000
240.401001 161.651993 0.000000 8118.000000 3.000000
240.401001 81.327904 0.000000 4432.000000 2.000000
240.401001 86.348198 0.000000 8114.000000 3.000000
290.484009 104.420998 0.000000 2661.000000 2.000000
293.489014 110.445000 0.000000 3620.000000 3.000000
293.489014 113.457001 0.000000 2265.000000 2.000000
282.471008 124.501999 0.000000 8049.000000 3.000000
290.484009 142.574997 0.000000 2558.000000 2.000000
293.489014 137.554993 0.000000 3621.000000 3.000000
278.463989 96.388702 0.000000 7140.000000 3.000000
244.406998 125.505997 0.000000 1952.000000 2.000000
238.397003 123.498001 0.000000 5304.000000 3.000000
265.441986 85.344101 0.000000 2355.000000 2.000000
278.463989 151.610992 0.000000 7117.000000 3.000000
230.384003 81.327904 0.000000 6682.000000 3.000000
265.441986 162.656006 0.000000 2360.000000 2.000000
230.384003 167.675995 0.000000 6679.000000 3.000000
293.489014 134.542999 0.000000 2263.000000 2.000000
262.437012 149.602997 0.000000 65.019997 0.000000
