415.692993 124.501999 0.000000 10680.000000 2.000000
413.688995 126.510002 0.000000 12420.000000 3.000000
332.553986 109.441002 0.000000 5225.000000 2.000000
337.562988 105.425003 0.000000 6487.000000 3.000000
314.523987 124.501999 0.000000 4825.000000 2.000000
306.510986 124.501999 0.000000 9375.000000 3.000000
332.553986 139.563004 0.000000 5211.000000 2.000000
337.562988 142.574997 0.000000 6499.000000 3.000000
413.688995 121.489998 0.000000 12400.000000 3.000000
433.722992 190.768997 0.000000 2624.000000 2.000000
337.562988 194.785004 0.000000 9010.000000 3.000000
326.544006 117.473999 0.000000 6938.000000 3.000000
351.585999 141.570999 0.000000 2782.000000 2.000000
433.722992 58.234798 0.000000 2617.000000 2.000000
337.562988 53.214600 0.000000 8983.000000 3.000000
395.658997 82.332001 0.000000 39.939999 0.000000
