289.481995 123.498001 0.000000 8498.000000 2.000000
288.480988 122.494003 0.000000 10270.000000 3.000000
288.480988 125.505997 0.000000 10250.000000 3.000000
296.493988 132.533997 0.000000 3042.000000 2.000000
297.496002 135.546997 0.000000 5138.000000 3.000000
245.408997 163.660004 0.000000 6540.000000 2.000000
249.416000 165.667999 0.000000 7853.000000 3.000000
255.425995 122.494003 0.000000 3842.000000 2.000000
243.406006 84.340103 0.000000 6689.000000 2.000000
250.417007 82.332001 0.000000 7844.000000 3.000000
242.404007 86.348198 0.000000 7804.000000 3.000000
243.406006 81.327904 0.000000 4521.000000 2.000000
242.404007 161.651993 0.000000 7802.000000 3.000000
296.493988 115.466003 0.000000 3046.000000 2.000000
297.496002 112.453003 0.000000 5146.000000 3.000000
242.404007 166.671997 0.000000 4532.000000 2.000000
251.419006 123.498001 0.000000 7600.000000 3.000000
272.454010 80.323898 0.000000 2392.000000 2.000000
296.493988 97.392700 0.000000 6021.000000 3.000000
243.406006 70.283401 0.000000 5565.000000 3.000000
272.454010 166.671997 0.000000 2404.000000 2.000000
296.493988 150.606995 0.000000 6006.000000 3.000000
243.406006 177.716995 0.000000 5565.000000 3.000000
303.506012 103.417000 0.000000 2355.000000 2.000000
303.506012 145.587006 0.000000 2360.000000 2.000000
270.450989 153.619003 0.000000 38.090000 0.000000
