490.817993 122.494003 0.000000 8214.000000 2.000000
487.812988 127.514000 0.000000 11490.000000 3.000000
0.000000 84.340103 0.000000 1000.000000 2.000000
0.000000 79.319801 0.000000 3109.000000 3.000000
488.815002 120.486000 0.000000 11470.000000 3.000000
0.000000 170.688004 0.000000 3123.000000 3.000000
372.621002 50.202400 0.000000 5386.000000 2.000000
389.648987 37.149799 0.000000 8948.000000 3.000000
372.621002 198.802002 0.000000 5300.000000 2.000000
388.648010 210.850006 0.000000 8940.000000 3.000000
364.608002 194.785004 0.000000 8579.000000 3.000000
99.165298 248.000000 0.000000 793.700012 2.000000
600.000000 179.725006 0.000000 2423.000000 2.000000
504.841003 137.554993 0.000000 3568.000000 2.000000
363.605988 53.214600 0.000000 8526.000000 3.000000
600.000000 69.279404 0.000000 2448.000000 2.000000
377.628998 132.533997 0.000000 5107.000000 2.000000
383.639008 133.537994 0.000000 7701.000000 3.000000
378.631012 114.461998 0.000000 5048.000000 2.000000
383.639008 114.461998 0.000000 7693.000000 3.000000
360.601013 122.494003 0.000000 7293.000000 3.000000
362.604004 102.413002 0.000000 5007.000000 2.000000
361.602997 145.587006 0.000000 5005.000000 2.000000
357.596008 149.602997 0.000000 6159.000000 3.000000
358.597992 98.396797 0.000000 6158.000000 3.000000
403.673004 109.441002 0.000000 2056.000000 2.000000
506.845001 110.445000 0.000000 3562.000000 2.000000
554.924988 93.376503 0.000000 5485.000000 3.000000
554.924988 154.623001 0.000000 5482.000000 3.000000
510.851013 68.275299 0.000000 29.639999 0.000000
