492.821014 122.494003 0.000000 8035.000000 2.000000
490.817993 127.514000 0.000000 11430.000000 3.000000
490.817993 120.486000 0.000000 11400.000000 3.000000
0.000000 86.348198 0.000000 1000.000000 2.000000
0.000000 80.323898 0.000000 3453.000000 3.000000
0.000000 169.684006 0.000000 3456.000000 3.000000
375.626007 198.802002 0.000000 5397.000000 2.000000
391.653015 211.854004 0.000000 9000.000000 3.000000
506.845001 137.554993 0.000000 3510.000000 2.000000
374.623993 49.198399 0.000000 5418.000000 2.000000
390.651001 37.149799 0.000000 8983.000000 3.000000
365.609009 194.785004 0.000000 8790.000000 3.000000
96.160301 248.000000 0.000000 785.000000 2.000000
600.000000 183.740997 0.000000 1785.000000 2.000000
365.609009 53.214600 0.000000 8749.000000 3.000000
600.000000 64.259102 0.000000 1825.000000 2.000000
378.631012 133.537994 0.000000 5093.000000 2.000000
385.643005 133.537994 0.000000 7754.000000 3.000000
379.632996 114.461998 0.000000 4987.000000 2.000000
386.644012 114.461998 0.000000 7723.000000 3.000000
361.602997 122.494003 0.000000 7197.000000 3.000000
363.605988 102.413002 0.000000 4927.000000 2.000000
359.598999 98.396797 0.000000 6182.000000 3.000000
362.604004 145.587006 0.000000 4924.000000 2.000000
358.597992 149.602997 0.000000 6181.000000 3.000000
508.847992 110.445000 0.000000 3501.000000 2.000000
558.932007 93.376503 0.000000 5444.000000 3.000000
401.669006 138.559006 0.000000 1998.000000 2.000000
558.932007 154.623001 0.000000 5443.000000 3.000000
514.857971 68.275299 0.000000 28.660000 0.000000
