202.337006 124.501999 0.000000 3398.000000 2.000000
215.358994 124.501999 0.000000 6746.000000 3.000000
195.326004 62.250999 0.000000 1358.000000 2.000000
197.328995 61.247002 0.000000 2128.000000 3.000000
195.326004 124.501999 0.000000 4829.000000 3.000000
247.412003 113.457001 0.000000 1131.000000 2.000000
195.326004 103.417000 0.000000 4278.000000 3.000000
227.378998 118.477997 0.000000 1564.000000 2.000000
248.414001 134.542999 0.000000 1140.000000 2.000000
195.326004 144.582993 0.000000 4277.000000 3.000000
195.326004 185.748993 0.000000 1358.000000 2.000000
195.326004 159.643997 0.000000 3729.000000 3.000000
197.328995 186.753006 0.000000 2128.000000 3.000000
195.326004 88.356300 0.000000 3728.000000 3.000000
227.378998 129.522003 0.000000 1563.000000 2.000000
235.391998 131.529999 0.000000 2496.000000 3.000000
235.391998 116.470001 0.000000 2496.000000 3.000000
222.371002 154.623001 0.000000 1000.000000 2.000000
223.371994 0.000000 0.000000 1000.000000 2.000000
200.334000 93.376503 0.000000 263.000000 0.000000
