378.631012 124.501999 0.000000 11690.000000 2.000000
376.627991 122.494003 0.000000 14800.000000 3.000000
311.519012 128.518005 0.000000 4416.000000 2.000000
312.520996 132.533997 0.000000 6041.000000 3.000000
376.627991 125.505997 0.000000 14790.000000 3.000000
312.520996 119.482002 0.000000 4546.000000 2.000000
312.520996 115.466003 0.000000 6045.000000 3.000000
323.539001 114.461998 0.000000 2811.000000 2.000000
348.580994 59.238899 0.000000 2675.000000 2.000000
302.503998 66.267197 0.000000 7735.000000 3.000000
303.506012 125.505997 0.000000 5595.000000 2.000000
297.496002 124.501999 0.000000 8166.000000 3.000000
309.515991 123.498001 0.000000 8044.000000 3.000000
348.580994 188.761002 0.000000 2688.000000 2.000000
301.502991 181.733002 0.000000 7754.000000 3.000000
364.608002 90.364403 0.000000 32.029999 0.000000
