482.804993 122.494003 0.000000 8799.000000 2.000000
479.799988 127.514000 0.000000 11820.000000 3.000000
383.639008 132.533997 0.000000 3190.000000 2.000000
388.648010 139.563004 0.000000 4398.000000 3.000000
479.799988 120.486000 0.000000 11790.000000 3.000000
496.828003 135.546997 0.000000 3781.000000 2.000000
535.893005 151.610992 0.000000 5655.000000 3.000000
368.614014 50.202400 0.000000 5180.000000 2.000000
382.638000 39.157902 0.000000 8556.000000 3.000000
368.614014 197.798004 0.000000 5196.000000 2.000000
382.638000 208.841995 0.000000 8545.000000 3.000000
358.597992 195.789001 0.000000 7827.000000 3.000000
358.597992 52.210499 0.000000 7757.000000 3.000000
362.604004 203.822006 0.000000 4118.000000 2.000000
496.828003 111.448997 0.000000 3780.000000 2.000000
535.893005 96.388702 0.000000 5660.000000 3.000000
362.604004 43.174099 0.000000 4115.000000 2.000000
371.618988 133.537994 0.000000 5344.000000 2.000000
377.628998 132.533997 0.000000 7718.000000 3.000000
371.618988 114.461998 0.000000 5344.000000 2.000000
377.628998 115.466003 0.000000 7658.000000 3.000000
357.596008 122.494003 0.000000 7591.000000 3.000000
345.575989 122.494003 0.000000 5013.000000 2.000000
339.566010 123.498001 0.000000 6583.000000 3.000000
384.640991 248.000000 0.000000 5838.000000 3.000000
384.640991 0.000000 0.000000 5838.000000 3.000000
573.956970 187.757004 0.000000 2602.000000 2.000000
573.956970 60.242901 0.000000 2583.000000 2.000000
402.670990 108.436996 0.000000 2275.000000 2.000000
500.834991 69.279404 0.000000 32.500000 0.000000
