1.001670 248.000000 0.000000 778.700012 2.000000
433.722992 223.903000 0.000000 10520.000000 3.000000
427.713013 106.429001 0.000000 2200.000000 2.000000
445.743011 97.392700 0.000000 3259.000000 3.000000
427.713013 141.570999 0.000000 2190.000000 2.000000
445.743011 150.606995 0.000000 3278.000000 3.000000
600.000000 69.279404 0.000000 778.799988 2.000000
433.722992 24.097200 0.000000 10450.000000 3.000000
0.000000 107.432999 0.000000 1000.000000 2.000000
0.000000 150.606995 0.000000 3819.000000 3.000000
0.000000 99.400803 0.000000 3826.000000 3.000000
0.000000 78.315804 0.000000 778.700012 2.000000
0.000000 200.809998 0.000000 3946.000000 3.000000
1.001670 0.000000 0.000000 778.700012 2.000000
0.000000 49.198399 0.000000 3951.000000 3.000000
416.694000 112.453003 0.000000 3914.000000 2.000000
422.704010 108.436996 0.000000 5898.000000 3.000000
416.694000 135.546997 0.000000 3904.000000 2.000000
422.704010 139.563004 0.000000 5939.000000 3.000000
395.658997 117.473999 0.000000 5753.000000 2.000000
406.678009 111.448997 0.000000 6935.000000 3.000000
395.658997 130.526001 0.000000 5749.000000 2.000000
406.678009 136.550995 0.000000 6935.000000 3.000000
392.653992 124.501999 0.000000 6963.000000 3.000000
441.735992 143.578995 0.000000 1606.000000 2.000000
532.888000 124.501999 0.000000 5688.000000 2.000000
532.888000 119.482002 0.000000 10260.000000 3.000000
532.888000 128.518005 0.000000 10430.000000 3.000000
0.000000 190.768997 0.000000 778.700012 2.000000
600.000000 178.720993 0.000000 16.420000 0.000000
