429.716003 124.501999 0.000000 10380.000000 2.000000
427.713013 126.510002 0.000000 12100.000000 3.000000
331.553009 124.501999 0.000000 6294.000000 2.000000
333.556000 127.514000 0.000000 7615.000000 3.000000
427.713013 121.489998 0.000000 12060.000000 3.000000
322.537994 124.501999 0.000000 5235.000000 2.000000
311.519012 124.501999 0.000000 10850.000000 3.000000
385.643005 142.574997 0.000000 2740.000000 2.000000
333.556000 120.486000 0.000000 7645.000000 3.000000
442.738007 193.781006 0.000000 2661.000000 2.000000
347.579010 197.798004 0.000000 8091.000000 3.000000
446.744995 56.226700 0.000000 2653.000000 2.000000
348.580994 50.202400 0.000000 8071.000000 3.000000
407.678986 80.323898 0.000000 42.919998 0.000000
