453.756012 122.494003 0.000000 9973.000000 2.000000
452.755005 126.510002 0.000000 12560.000000 3.000000
467.779999 134.542999 0.000000 4206.000000 2.000000
501.835999 149.602997 0.000000 5800.000000 3.000000
452.755005 121.489998 0.000000 12510.000000 3.000000
468.781006 113.457001 0.000000 4226.000000 2.000000
501.835999 98.396797 0.000000 5812.000000 3.000000
325.542999 123.498001 0.000000 4650.000000 2.000000
321.536011 124.501999 0.000000 7010.000000 3.000000
351.585999 52.210499 0.000000 5141.000000 2.000000
345.575989 53.214600 0.000000 7891.000000 3.000000
352.588013 195.789001 0.000000 5037.000000 2.000000
345.575989 194.785004 0.000000 7898.000000 3.000000
363.605988 45.182201 0.000000 8262.000000 3.000000
443.739990 46.186199 0.000000 2823.000000 2.000000
345.575989 122.494003 0.000000 8333.000000 3.000000
379.632996 106.429001 0.000000 2622.000000 2.000000
363.605988 202.817993 0.000000 8284.000000 3.000000
443.739990 201.813995 0.000000 2829.000000 2.000000
433.722992 78.315804 0.000000 38.619999 0.000000
