321.536011 123.498001 0.000000 9466.000000 2.000000
321.536011 120.486000 0.000000 11000.000000 3.000000
328.548004 175.707993 0.000000 2770.000000 2.000000
315.526001 175.707993 0.000000 4742.000000 3.000000
321.536011 127.514000 0.000000 10990.000000 3.000000
306.510986 125.505997 0.000000 3506.000000 2.000000
346.578003 76.307701 0.000000 2734.000000 2.000000
315.526001 72.291496 0.000000 4744.000000 3.000000
277.462006 125.505997 0.000000 4479.000000 2.000000
284.473999 124.501999 0.000000 9787.000000 3.000000
279.466003 177.716995 0.000000 5118.000000 2.000000
286.476990 180.729004 0.000000 7578.000000 3.000000
291.485992 125.505997 0.000000 3684.000000 2.000000
297.496002 124.501999 0.000000 4924.000000 3.000000
278.463989 72.291496 0.000000 5204.000000 2.000000
286.476990 67.271301 0.000000 7562.000000 3.000000
269.449005 122.494003 0.000000 6798.000000 3.000000
275.459015 75.303596 0.000000 7469.000000 3.000000
299.498993 65.263199 0.000000 2529.000000 2.000000
275.459015 172.695999 0.000000 7467.000000 3.000000
298.497009 182.737000 0.000000 2561.000000 2.000000
308.514008 95.384598 0.000000 22.160000 0.000000
