448.747986 134.542999 0.000000 4717.000000 2.000000
476.795013 146.591003 0.000000 6031.000000 3.000000
435.726013 124.501999 0.000000 10300.000000 2.000000
434.725006 126.510002 0.000000 12210.000000 3.000000
434.725006 121.489998 0.000000 12180.000000 3.000000
449.750000 113.457001 0.000000 4723.000000 2.000000
476.795013 101.408997 0.000000 6035.000000 3.000000
325.542999 123.498001 0.000000 5222.000000 2.000000
312.520996 124.501999 0.000000 8557.000000 3.000000
448.747986 193.781006 0.000000 2703.000000 2.000000
352.588013 199.806000 0.000000 8136.000000 3.000000
336.561005 121.489998 0.000000 7967.000000 3.000000
391.653015 143.578995 0.000000 2498.000000 2.000000
448.747986 53.214600 0.000000 2694.000000 2.000000
351.585999 49.198399 0.000000 8107.000000 3.000000
414.691010 79.319801 0.000000 42.759998 0.000000
