396.661011 124.501999 0.000000 9849.000000 2.000000
394.657990 125.505997 0.000000 13450.000000 3.000000
394.657990 122.494003 0.000000 13510.000000 3.000000
316.528015 122.494003 0.000000 4665.000000 2.000000
319.532990 116.470001 0.000000 7407.000000 3.000000
306.510986 124.501999 0.000000 9074.000000 3.000000
354.591003 193.781006 0.000000 2772.000000 2.000000
317.528992 125.505997 0.000000 4647.000000 2.000000
319.532990 131.529999 0.000000 7420.000000 3.000000
354.591003 54.218601 0.000000 2761.000000 2.000000
324.540985 56.226700 0.000000 8414.000000 3.000000
331.553009 142.574997 0.000000 2436.000000 2.000000
324.540985 191.772995 0.000000 8413.000000 3.000000
371.618988 86.348198 0.000000 33.970001 0.000000
