288.480988 134.542999 0.000000 1705.000000 2.000000
259.432007 123.498001 0.000000 8217.000000 3.000000
223.371994 86.348198 0.000000 3491.000000 2.000000
218.363998 83.335999 0.000000 7384.000000 3.000000
263.438995 144.582993 0.000000 3024.000000 2.000000
273.455994 141.570999 0.000000 3861.000000 3.000000
263.438995 103.417000 0.000000 3027.000000 2.000000
273.455994 106.429001 0.000000 3866.000000 3.000000
221.369003 185.748993 0.000000 3366.000000 2.000000
221.369003 186.753006 0.000000 4391.000000 3.000000
226.376999 159.643997 0.000000 3987.000000 2.000000
218.363998 164.664001 0.000000 7377.000000 3.000000
259.432007 145.587006 0.000000 6686.000000 3.000000
255.425995 150.606995 0.000000 2293.000000 2.000000
259.432007 102.413002 0.000000 6682.000000 3.000000
221.369003 62.250999 0.000000 3366.000000 2.000000
221.369003 61.247002 0.000000 4392.000000 3.000000
224.373993 93.376503 0.000000 4180.000000 2.000000
217.362000 95.384598 0.000000 6131.000000 3.000000
257.428986 97.392700 0.000000 2149.000000 2.000000
224.373993 154.623001 0.000000 4167.000000 2.000000
217.362000 152.615005 0.000000 6126.000000 3.000000
222.371002 126.510002 0.000000 1442.000000 2.000000
204.341003 124.501999 0.000000 5691.000000 3.000000
227.378998 91.368401 0.000000 5268.000000 3.000000
227.378998 156.632004 0.000000 5266.000000 3.000000
291.485992 0.000000 0.000000 1705.000000 2.000000
265.441986 109.441002 0.000000 140.100006 0.000000
