212.354004 62.250999 0.000000 2700.000000 2.000000
212.354004 61.247002 0.000000 3875.000000 3.000000
278.463989 113.457001 0.000000 1475.000000 2.000000
249.416000 123.498001 0.000000 8428.000000 3.000000
210.350998 84.340103 0.000000 7256.000000 3.000000
212.354004 185.748993 0.000000 2700.000000 2.000000
210.350998 163.660004 0.000000 7252.000000 3.000000
228.380997 0.000000 0.000000 1364.000000 2.000000
214.356995 150.606995 0.000000 2985.000000 2.000000
207.345993 149.602997 0.000000 5066.000000 3.000000
214.356995 97.392700 0.000000 2987.000000 2.000000
207.345993 98.396797 0.000000 5065.000000 3.000000
249.416000 146.591003 0.000000 1729.000000 2.000000
251.419006 142.574997 0.000000 4881.000000 3.000000
249.416000 102.413002 0.000000 1715.000000 2.000000
251.419006 105.425003 0.000000 4875.000000 3.000000
207.345993 121.489998 0.000000 1076.000000 2.000000
190.317001 124.501999 0.000000 4109.000000 3.000000
221.369003 151.610992 0.000000 4081.000000 3.000000
221.369003 96.388702 0.000000 4081.000000 3.000000
278.463989 134.542999 0.000000 1474.000000 2.000000
212.354004 186.753006 0.000000 3875.000000 3.000000
225.376007 154.623001 0.000000 1366.000000 2.000000
256.427002 113.457001 0.000000 117.900002 0.000000
