339.566010 123.498001 0.000000 11900.000000 2.000000
337.562988 125.505997 0.000000 14330.000000 3.000000
337.562988 122.494003 0.000000 14330.000000 3.000000
287.479004 68.275299 0.000000 5596.000000 2.000000
293.489014 65.263199 0.000000 7032.000000 3.000000
284.473999 125.505997 0.000000 4715.000000 2.000000
292.487000 124.501999 0.000000 11550.000000 3.000000
308.514008 125.505997 0.000000 2703.000000 2.000000
283.471985 73.295502 0.000000 7654.000000 3.000000
286.476990 179.725006 0.000000 5448.000000 2.000000
293.489014 182.737000 0.000000 7037.000000 3.000000
275.459015 122.494003 0.000000 7072.000000 3.000000
283.471985 174.703995 0.000000 7647.000000 3.000000
353.588989 0.000000 0.000000 2391.000000 2.000000
349.583008 177.716995 0.000000 2425.000000 2.000000
322.537994 94.380600 0.000000 20.440001 0.000000
