239.399002 81.327904 0.000000 4354.000000 2.000000
238.397003 87.352203 0.000000 8062.000000 3.000000
286.476990 100.404999 0.000000 3373.000000 2.000000
286.476990 101.408997 0.000000 4372.000000 3.000000
282.471008 149.602997 0.000000 3563.000000 2.000000
286.476990 146.591003 0.000000 4376.000000 3.000000
240.401001 125.505997 0.000000 1816.000000 2.000000
236.393997 123.498001 0.000000 5127.000000 3.000000
293.489014 134.542999 0.000000 2130.000000 2.000000
281.468994 124.501999 0.000000 8053.000000 3.000000
234.391006 158.639999 0.000000 5587.000000 2.000000
238.397003 160.647995 0.000000 8049.000000 3.000000
275.459015 97.392700 0.000000 7916.000000 3.000000
263.438995 86.348198 0.000000 2365.000000 2.000000
275.459015 150.606995 0.000000 7899.000000 3.000000
232.386993 157.636002 0.000000 6411.000000 3.000000
238.397003 166.671997 0.000000 4366.000000 2.000000
263.438995 161.651993 0.000000 2370.000000 2.000000
228.380997 81.327904 0.000000 7046.000000 3.000000
228.380997 166.671997 0.000000 7049.000000 3.000000
293.489014 113.457001 0.000000 2129.000000 2.000000
261.436005 148.598999 0.000000 73.800003 0.000000
