444.740997 124.501999 0.000000 10200.000000 2.000000
443.739990 126.510002 0.000000 12430.000000 3.000000
443.739990 121.489998 0.000000 12390.000000 3.000000
458.765015 133.537994 0.000000 4367.000000 2.000000
488.815002 147.595001 0.000000 5948.000000 3.000000
330.550995 123.498001 0.000000 5137.000000 2.000000
340.567993 122.494003 0.000000 8337.000000 3.000000
458.765015 113.457001 0.000000 4374.000000 2.000000
488.815002 100.404999 0.000000 5959.000000 3.000000
316.528015 124.501999 0.000000 7273.000000 3.000000
346.578003 195.789001 0.000000 5582.000000 2.000000
341.569000 193.781006 0.000000 7300.000000 3.000000
346.578003 52.210499 0.000000 5590.000000 2.000000
341.569000 54.218601 0.000000 7302.000000 3.000000
358.597992 46.186199 0.000000 8181.000000 3.000000
399.665985 144.582993 0.000000 2451.000000 2.000000
444.740997 49.198399 0.000000 2763.000000 2.000000
449.750000 197.798004 0.000000 2777.000000 2.000000
358.597992 201.813995 0.000000 8218.000000 3.000000
424.708008 169.684006 0.000000 40.770000 0.000000
