204.341003 124.501999 0.000000 2921.000000 2.000000
220.367004 123.498001 0.000000 7102.000000 3.000000
197.328995 62.250999 0.000000 1474.000000 2.000000
198.330994 61.247002 0.000000 2288.000000 3.000000
249.416000 113.457001 0.000000 1318.000000 2.000000
197.328995 102.413002 0.000000 5085.000000 3.000000
250.417007 133.537994 0.000000 1360.000000 2.000000
197.328995 145.587006 0.000000 5084.000000 3.000000
197.328995 124.501999 0.000000 4278.000000 3.000000
197.328995 185.748993 0.000000 1474.000000 2.000000
198.330994 186.753006 0.000000 2288.000000 3.000000
232.386993 118.477997 0.000000 1617.000000 2.000000
196.326996 88.356300 0.000000 4109.000000 3.000000
196.326996 159.643997 0.000000 4108.000000 3.000000
239.399002 116.470001 0.000000 2515.000000 3.000000
225.376007 0.000000 0.000000 1000.000000 2.000000
224.373993 154.623001 0.000000 1000.000000 2.000000
232.386993 129.522003 0.000000 1616.000000 2.000000
239.399002 131.529999 0.000000 2516.000000 3.000000
202.337006 93.376503 0.000000 257.100006 0.000000
