407.678986 123.498001 0.000000 10560.000000 2.000000
403.673004 126.510002 0.000000 13860.000000 3.000000
322.537994 126.510002 0.000000 5272.000000 2.000000
323.539001 131.529999 0.000000 7023.000000 3.000000
403.673004 121.489998 0.000000 13850.000000 3.000000
342.571014 142.574997 0.000000 2675.000000 2.000000
428.714996 187.757004 0.000000 2665.000000 2.000000
332.553986 193.781006 0.000000 9737.000000 3.000000
322.537994 122.494003 0.000000 5337.000000 2.000000
323.539001 116.470001 0.000000 7024.000000 3.000000
302.503998 124.501999 0.000000 7205.000000 3.000000
429.716003 60.242901 0.000000 2651.000000 2.000000
332.553986 54.218601 0.000000 9723.000000 3.000000
385.643005 83.335999 0.000000 36.849998 0.000000
