402.670990 124.501999 0.000000 9534.000000 2.000000
398.664001 126.510002 0.000000 13320.000000 3.000000
318.531006 126.510002 0.000000 4738.000000 2.000000
321.536011 131.529999 0.000000 7230.000000 3.000000
398.664001 121.489998 0.000000 13240.000000 3.000000
419.699005 185.748993 0.000000 2730.000000 2.000000
328.548004 192.776993 0.000000 9530.000000 3.000000
319.532990 121.489998 0.000000 4771.000000 2.000000
321.536011 117.473999 0.000000 7237.000000 3.000000
310.518005 124.501999 0.000000 8161.000000 3.000000
335.558990 141.570999 0.000000 2568.000000 2.000000
425.709991 62.250999 0.000000 2726.000000 2.000000
328.548004 55.222698 0.000000 9526.000000 3.000000
378.631012 85.344101 0.000000 35.169998 0.000000
