317.528992 124.501999 0.000000 8167.000000 2.000000
315.526001 126.510002 0.000000 11210.000000 3.000000
376.627991 150.606995 0.000000 3004.000000 2.000000
313.523010 173.699997 0.000000 5126.000000 3.000000
315.526001 121.489998 0.000000 11210.000000 3.000000
274.457001 122.494003 0.000000 4780.000000 2.000000
280.467010 124.501999 0.000000 9832.000000 3.000000
274.457001 73.295502 0.000000 5193.000000 2.000000
281.468994 69.279404 0.000000 7529.000000 3.000000
274.457001 175.707993 0.000000 5064.000000 2.000000
281.468994 178.720993 0.000000 7528.000000 3.000000
271.451996 171.692001 0.000000 7140.000000 3.000000
376.627991 97.392700 0.000000 3004.000000 2.000000
313.523010 74.299599 0.000000 5128.000000 3.000000
288.480988 125.505997 0.000000 3556.000000 2.000000
297.496002 180.729004 0.000000 2551.000000 2.000000
266.444000 122.494003 0.000000 6614.000000 3.000000
271.451996 76.307701 0.000000 7138.000000 3.000000
298.497009 67.271301 0.000000 2520.000000 2.000000
304.507996 162.656006 0.000000 26.520000 0.000000
