528.880981 124.501999 0.000000 5838.000000 2.000000
527.880005 128.518005 0.000000 10560.000000 3.000000
1.001670 0.000000 0.000000 777.200012 2.000000
0.000000 50.202400 0.000000 3855.000000 3.000000
528.880981 119.482002 0.000000 10510.000000 3.000000
1.001670 248.000000 0.000000 777.200012 2.000000
0.000000 199.806000 0.000000 3871.000000 3.000000
428.714996 26.105301 0.000000 10130.000000 3.000000
551.919983 108.436996 0.000000 3022.000000 2.000000
0.000000 105.425003 0.000000 1000.000000 2.000000
0.000000 152.615005 0.000000 4105.000000 3.000000
595.992981 98.396797 0.000000 4111.000000 3.000000
0.000000 97.392700 0.000000 4114.000000 3.000000
0.000000 171.692001 0.000000 777.200012 2.000000
412.687988 112.453003 0.000000 4253.000000 2.000000
418.697998 109.441002 0.000000 6296.000000 3.000000
411.686005 135.546997 0.000000 4222.000000 2.000000
418.697998 138.559006 0.000000 6341.000000 3.000000
390.651001 122.494003 0.000000 6840.000000 3.000000
439.733002 146.591003 0.000000 1613.000000 2.000000
428.714996 222.899002 0.000000 8925.000000 2.000000
429.716003 222.899002 0.000000 10020.000000 3.000000
428.714996 221.895004 0.000000 10090.000000 3.000000
600.000000 180.729004 0.000000 777.200012 2.000000
0.000000 78.315804 0.000000 777.200012 2.000000
578.965027 69.279404 0.000000 19.559999 0.000000
