306.510986 123.498001 0.000000 7330.000000 2.000000
308.514008 120.486000 0.000000 11250.000000 3.000000
351.585999 150.606995 0.000000 3124.000000 2.000000
307.513000 167.675995 0.000000 5847.000000 3.000000
308.514008 127.514000 0.000000 11190.000000 3.000000
277.462006 125.505997 0.000000 3778.000000 2.000000
270.450989 123.498001 0.000000 9869.000000 3.000000
314.523987 115.466003 0.000000 5986.000000 2.000000
313.523010 132.533997 0.000000 5800.000000 2.000000
317.528992 136.550995 0.000000 7950.000000 3.000000
351.585999 97.392700 0.000000 3124.000000 2.000000
307.513000 80.323898 0.000000 5866.000000 3.000000
317.528992 111.448997 0.000000 7929.000000 3.000000
289.481995 176.712997 0.000000 2539.000000 2.000000
272.454010 175.707993 0.000000 7388.000000 3.000000
289.481995 72.291496 0.000000 2531.000000 2.000000
272.454010 72.291496 0.000000 7380.000000 3.000000
293.489014 87.352203 0.000000 26.940001 0.000000
