277.462006 148.598999 0.000000 3519.000000 2.000000
271.451996 149.602997 0.000000 8982.000000 3.000000
282.471008 101.408997 0.000000 3465.000000 2.000000
271.451996 98.396797 0.000000 8990.000000 3.000000
227.378998 126.510002 0.000000 3309.000000 2.000000
221.369003 125.505997 0.000000 4219.000000 3.000000
235.391998 165.667999 0.000000 4170.000000 2.000000
235.391998 159.643997 0.000000 8220.000000 3.000000
234.391006 82.332001 0.000000 4135.000000 2.000000
235.391998 88.356300 0.000000 8221.000000 3.000000
292.487000 134.542999 0.000000 1991.000000 2.000000
277.462006 124.501999 0.000000 7943.000000 3.000000
282.471008 102.413002 0.000000 4506.000000 3.000000
224.373993 82.332001 0.000000 7411.000000 3.000000
258.431000 89.360298 0.000000 2395.000000 2.000000
224.373993 165.667999 0.000000 7410.000000 3.000000
258.431000 159.643997 0.000000 2402.000000 2.000000
282.471008 145.587006 0.000000 4507.000000 3.000000
231.386002 123.498001 0.000000 4755.000000 3.000000
235.391998 125.505997 0.000000 1690.000000 2.000000
292.487000 113.457001 0.000000 1990.000000 2.000000
258.431000 146.591003 0.000000 92.500000 0.000000
