503.839996 124.501999 0.000000 7069.000000 2.000000
504.841003 120.486000 0.000000 11200.000000 3.000000
504.841003 127.514000 0.000000 11180.000000 3.000000
0.000000 184.744995 0.000000 1042.000000 2.000000
0.000000 191.772995 0.000000 2618.000000 3.000000
0.000000 65.263199 0.000000 1044.000000 2.000000
0.000000 58.234798 0.000000 2624.000000 3.000000
0.000000 86.348198 0.000000 4524.000000 3.000000
0.000000 92.372498 0.000000 1000.000000 2.000000
0.000000 163.660004 0.000000 4533.000000 3.000000
383.639008 200.809998 0.000000 5995.000000 2.000000
400.667999 213.862000 0.000000 9594.000000 3.000000
382.638000 47.190300 0.000000 5965.000000 2.000000
400.667999 34.137699 0.000000 9582.000000 3.000000
524.875000 139.563004 0.000000 3395.000000 2.000000
391.653015 132.533997 0.000000 4914.000000 2.000000
394.657990 137.554993 0.000000 9456.000000 3.000000
390.651001 115.466003 0.000000 4911.000000 2.000000
394.657990 110.445000 0.000000 9415.000000 3.000000
376.627991 55.222698 0.000000 8635.000000 3.000000
90.150299 0.000000 0.000000 771.400024 2.000000
376.627991 192.776993 0.000000 8632.000000 3.000000
600.000000 64.259102 0.000000 1208.000000 2.000000
600.000000 184.744995 0.000000 1219.000000 2.000000
368.614014 122.494003 0.000000 6857.000000 3.000000
369.615997 145.587006 0.000000 4651.000000 2.000000
370.618011 102.413002 0.000000 4635.000000 2.000000
364.608002 98.396797 0.000000 6081.000000 3.000000
364.608002 149.602997 0.000000 6066.000000 3.000000
409.683014 139.563004 0.000000 1745.000000 2.000000
524.875000 108.436996 0.000000 3350.000000 2.000000
582.971985 91.368401 0.000000 5309.000000 3.000000
582.971985 156.632004 0.000000 5308.000000 3.000000
532.888000 180.729004 0.000000 25.129999 0.000000
