312.520996 124.501999 0.000000 7333.000000 2.000000
312.520996 127.514000 0.000000 11540.000000 3.000000
366.610992 97.392700 0.000000 3064.000000 2.000000
310.518005 76.307701 0.000000 5478.000000 3.000000
270.450989 122.494003 0.000000 5206.000000 2.000000
276.460999 124.501999 0.000000 10050.000000 3.000000
271.451996 73.295502 0.000000 5270.000000 2.000000
278.463989 70.283401 0.000000 7625.000000 3.000000
271.451996 173.699997 0.000000 5223.000000 2.000000
278.463989 177.716995 0.000000 7619.000000 3.000000
318.531006 130.526001 0.000000 5923.000000 2.000000
321.536011 132.533997 0.000000 7376.000000 3.000000
312.520996 120.486000 0.000000 11510.000000 3.000000
318.531006 118.477997 0.000000 6147.000000 2.000000
321.536011 115.466003 0.000000 7339.000000 3.000000
267.446014 170.688004 0.000000 6726.000000 3.000000
291.485992 178.720993 0.000000 2537.000000 2.000000
267.446014 78.315804 0.000000 6724.000000 3.000000
366.610992 150.606995 0.000000 3064.000000 2.000000
310.518005 171.692001 0.000000 5489.000000 3.000000
290.484009 69.279404 0.000000 2525.000000 2.000000
283.471985 122.494003 0.000000 3692.000000 2.000000
266.444000 125.505997 0.000000 6525.000000 3.000000
300.501007 86.348198 0.000000 26.209999 0.000000
