474.790985 122.494003 0.000000 9284.000000 2.000000
472.787994 126.510002 0.000000 12200.000000 3.000000
489.816010 134.542999 0.000000 3964.000000 2.000000
528.880981 152.615005 0.000000 5838.000000 3.000000
472.787994 121.489998 0.000000 12090.000000 3.000000
363.605988 196.794006 0.000000 4959.000000 2.000000
376.627991 206.834000 0.000000 8290.000000 3.000000
362.604004 51.206501 0.000000 5062.000000 2.000000
376.627991 41.166000 0.000000 8289.000000 3.000000
365.609009 133.537994 0.000000 5694.000000 2.000000
354.591003 122.494003 0.000000 7767.000000 3.000000
488.815002 113.457001 0.000000 3963.000000 2.000000
528.880981 95.384598 0.000000 5843.000000 3.000000
364.608002 114.461998 0.000000 5619.000000 2.000000
370.618011 114.461998 0.000000 7732.000000 3.000000
370.618011 133.537994 0.000000 7725.000000 3.000000
354.591003 194.785004 0.000000 7339.000000 3.000000
339.566010 122.494003 0.000000 4446.000000 2.000000
560.934998 185.748993 0.000000 2652.000000 2.000000
354.591003 53.214600 0.000000 7316.000000 3.000000
560.934998 61.247002 0.000000 2622.000000 2.000000
333.556000 123.498001 0.000000 7005.000000 3.000000
390.651001 108.436996 0.000000 2443.000000 2.000000
489.816010 70.283401 0.000000 34.810001 0.000000
