523.872986 124.501999 0.000000 5961.000000 2.000000
523.872986 119.482002 0.000000 10700.000000 3.000000
523.872986 128.518005 0.000000 10650.000000 3.000000
1.001670 0.000000 0.000000 775.099976 2.000000
0.000000 51.206501 0.000000 3617.000000 3.000000
398.664001 44.178101 0.000000 6789.000000 2.000000
424.708008 27.109301 0.000000 9838.000000 3.000000
424.708008 221.895004 0.000000 8501.000000 2.000000
424.708008 220.891006 0.000000 9815.000000 3.000000
1.001670 248.000000 0.000000 775.099976 2.000000
0.000000 198.802002 0.000000 3646.000000 3.000000
425.709991 221.895004 0.000000 9641.000000 3.000000
397.662994 56.226700 0.000000 7906.000000 3.000000
398.664001 206.834000 0.000000 6780.000000 2.000000
0.000000 102.413002 0.000000 1000.000000 2.000000
0.000000 154.623001 0.000000 4363.000000 3.000000
543.906006 139.563004 0.000000 3193.000000 2.000000
397.662994 191.772995 0.000000 7869.000000 3.000000
600.000000 181.733002 0.000000 775.099976 2.000000
0.000000 95.384598 0.000000 4373.000000 3.000000
0.000000 172.695999 0.000000 775.099976 2.000000
596.994995 151.610992 0.000000 4460.000000 3.000000
544.908020 109.441002 0.000000 3070.000000 2.000000
596.994995 96.388702 0.000000 4465.000000 3.000000
388.648010 148.598999 0.000000 4458.000000 2.000000
376.627991 150.606995 0.000000 5573.000000 3.000000
388.648010 100.404999 0.000000 4465.000000 2.000000
376.627991 97.392700 0.000000 5594.000000 3.000000
408.681000 113.457001 0.000000 4685.000000 2.000000
386.644012 122.494003 0.000000 6737.000000 3.000000
434.725006 144.582993 0.000000 1601.000000 2.000000
414.691010 110.445000 0.000000 6901.000000 3.000000
408.681000 135.546997 0.000000 4664.000000 2.000000
413.688995 137.554993 0.000000 6964.000000 3.000000
0.000000 77.311699 0.000000 775.099976 2.000000
569.950012 68.275299 0.000000 20.809999 0.000000
