471.786011 122.494003 0.000000 9401.000000 2.000000
469.782990 126.510002 0.000000 12300.000000 3.000000
485.809998 134.542999 0.000000 4008.000000 2.000000
527.880005 153.619003 0.000000 5862.000000 3.000000
469.782990 121.489998 0.000000 12190.000000 3.000000
361.602997 197.798004 0.000000 4947.000000 2.000000
375.626007 206.834000 0.000000 8242.000000 3.000000
486.811005 113.457001 0.000000 4012.000000 2.000000
361.602997 51.206501 0.000000 4975.000000 2.000000
375.626007 41.166000 0.000000 8229.000000 3.000000
527.880005 94.380600 0.000000 5868.000000 3.000000
363.605988 134.542999 0.000000 5803.000000 2.000000
353.588989 122.494003 0.000000 7821.000000 3.000000
337.562988 123.498001 0.000000 4351.000000 2.000000
331.553009 123.498001 0.000000 7180.000000 3.000000
352.588013 52.210499 0.000000 7369.000000 3.000000
554.924988 61.247002 0.000000 2627.000000 2.000000
368.614014 133.537994 0.000000 7716.000000 3.000000
554.924988 185.748993 0.000000 2671.000000 2.000000
363.605988 113.457001 0.000000 5801.000000 2.000000
368.614014 114.461998 0.000000 7714.000000 3.000000
389.648987 139.563004 0.000000 2471.000000 2.000000
352.588013 195.789001 0.000000 7393.000000 3.000000
486.811005 71.287498 0.000000 35.270000 0.000000
