289.481995 123.498001 0.000000 9967.000000 2.000000
288.480988 125.505997 0.000000 12160.000000 3.000000
290.484009 95.384598 0.000000 4038.000000 2.000000
288.480988 93.376503 0.000000 5308.000000 3.000000
296.493988 131.529999 0.000000 3094.000000 2.000000
297.496002 135.546997 0.000000 5317.000000 3.000000
288.480988 122.494003 0.000000 12160.000000 3.000000
245.408997 164.664001 0.000000 6579.000000 2.000000
243.406006 162.656006 0.000000 8507.000000 3.000000
273.455994 79.319801 0.000000 2402.000000 2.000000
243.406006 85.344101 0.000000 8497.000000 3.000000
297.496002 116.470001 0.000000 3136.000000 2.000000
297.496002 112.453003 0.000000 5319.000000 3.000000
290.484009 153.619003 0.000000 4082.000000 2.000000
288.480988 154.623001 0.000000 5319.000000 3.000000
298.497009 150.606995 0.000000 5570.000000 3.000000
257.428986 122.494003 0.000000 4030.000000 2.000000
273.455994 167.675995 0.000000 2425.000000 2.000000
298.497009 97.392700 0.000000 5644.000000 3.000000
250.417007 165.667999 0.000000 7867.000000 3.000000
253.421997 123.498001 0.000000 7790.000000 3.000000
305.509003 145.587006 0.000000 2397.000000 2.000000
305.509003 102.413002 0.000000 2396.000000 2.000000
272.454010 154.623001 0.000000 36.389999 0.000000
