508.847992 124.501999 0.000000 6715.000000 2.000000
508.847992 127.514000 0.000000 10990.000000 3.000000
509.850006 120.486000 0.000000 10960.000000 3.000000
0.000000 66.267197 0.000000 772.500000 2.000000
0.000000 56.226700 0.000000 2780.000000 3.000000
393.656006 133.537994 0.000000 4804.000000 2.000000
399.665985 136.550995 0.000000 9737.000000 3.000000
0.000000 179.725006 0.000000 772.500000 2.000000
0.000000 193.781006 0.000000 2797.000000 3.000000
393.656006 114.461998 0.000000 4819.000000 2.000000
399.665985 111.448997 0.000000 9669.000000 3.000000
413.688995 218.882996 0.000000 6628.000000 2.000000
404.674011 214.865997 0.000000 9625.000000 3.000000
386.644012 47.190300 0.000000 6324.000000 2.000000
404.674011 33.133598 0.000000 9614.000000 3.000000
386.644012 199.806000 0.000000 6350.000000 2.000000
380.634003 192.776993 0.000000 8487.000000 3.000000
381.635986 56.226700 0.000000 8477.000000 3.000000
600.000000 66.267197 0.000000 772.500000 2.000000
529.882996 139.563004 0.000000 3329.000000 2.000000
413.688995 219.886993 0.000000 7754.000000 3.000000
85.141899 248.000000 0.000000 772.500000 2.000000
0.000000 95.384598 0.000000 1000.000000 2.000000
0.000000 88.356300 0.000000 4719.000000 3.000000
0.000000 161.651993 0.000000 4726.000000 3.000000
372.621002 122.494003 0.000000 6774.000000 3.000000
372.621002 145.587006 0.000000 4575.000000 2.000000
86.143600 0.000000 0.000000 772.500000 2.000000
373.622986 102.413002 0.000000 4556.000000 2.000000
366.610992 98.396797 0.000000 5958.000000 3.000000
366.610992 149.602997 0.000000 5938.000000 3.000000
418.697998 142.574997 0.000000 1642.000000 2.000000
592.987976 157.636002 0.000000 5251.000000 3.000000
528.880981 108.436996 0.000000 3273.000000 2.000000
592.987976 90.364403 0.000000 5250.000000 3.000000
540.901001 180.729004 0.000000 24.040001 0.000000
