487.812988 122.494003 0.000000 8407.000000 2.000000
485.809998 127.514000 0.000000 11590.000000 3.000000
485.809998 120.486000 0.000000 11570.000000 3.000000
0.000000 83.335999 0.000000 1000.000000 2.000000
0.000000 70.283401 0.000000 2836.000000 3.000000
0.000000 179.725006 0.000000 2843.000000 3.000000
370.618011 50.202400 0.000000 5301.000000 2.000000
386.644012 38.153801 0.000000 8783.000000 3.000000
371.618988 197.798004 0.000000 5318.000000 2.000000
386.644012 209.845993 0.000000 8752.000000 3.000000
502.838013 137.554993 0.000000 3639.000000 2.000000
362.604004 194.785004 0.000000 8384.000000 3.000000
100.167000 248.000000 0.000000 800.299988 2.000000
364.608002 204.826004 0.000000 4173.000000 2.000000
362.604004 53.214600 0.000000 8318.000000 3.000000
364.608002 42.169998 0.000000 4166.000000 2.000000
375.626007 133.537994 0.000000 5133.000000 2.000000
381.635986 132.533997 0.000000 7649.000000 3.000000
375.626007 114.461998 0.000000 5135.000000 2.000000
381.635986 114.461998 0.000000 7640.000000 3.000000
359.598999 122.494003 0.000000 7398.000000 3.000000
502.838013 111.448997 0.000000 3632.000000 2.000000
548.914978 94.380600 0.000000 5507.000000 3.000000
386.644012 133.537994 0.000000 3394.000000 2.000000
551.919983 154.623001 0.000000 5506.000000 3.000000
580.968018 187.757004 0.000000 2578.000000 2.000000
387.645996 0.000000 0.000000 5376.000000 3.000000
579.966980 60.242901 0.000000 2523.000000 2.000000
387.645996 248.000000 0.000000 5375.000000 3.000000
391.653015 138.559006 0.000000 4578.000000 3.000000
402.670990 138.559006 0.000000 2134.000000 2.000000
507.846008 68.275299 0.000000 30.590000 0.000000
