0.000000000000000000e+00
1.006711363792419434e+00
2.013422727584838867e+00
3.020134210586547852e+00
4.026845455169677734e+00
5.033556938171386719e+00
6.040268421173095703e+00
7.046979904174804688e+00
8.053690910339355469e+00
9.060402870178222656e+00
1.006711387634277344e+01
1.107382583618164062e+01
1.208053684234619141e+01
1.308724784851074219e+01
1.409395980834960938e+01
1.510067081451416016e+01
1.610738182067871094e+01
1.711409378051757812e+01
1.812080574035644531e+01
1.912751770019531250e+01
2.013422775268554688e+01
2.114093971252441406e+01
2.214765167236328125e+01
2.315436172485351562e+01
2.416107368469238281e+01
2.516778564453125000e+01
2.617449569702148438e+01
2.718120765686035156e+01
2.818791961669921875e+01
2.919463157653808594e+01
3.020134162902832031e+01
3.120805358886718750e+01
3.221476364135742188e+01
3.322147750854492188e+01
3.422818756103515625e+01
3.523489761352539062e+01
3.624161148071289062e+01
3.724832153320312500e+01
3.825503540039062500e+01
3.926174545288085938e+01
4.026845550537109375e+01
4.127516937255859375e+01
4.228187942504882812e+01
4.328858947753906250e+01
4.429530334472656250e+01
4.530201339721679688e+01
4.630872344970703125e+01
4.731543731689453125e+01
4.832214736938476562e+01
4.932885742187500000e+01
5.033557128906250000e+01
5.134228134155273438e+01
5.234899139404296875e+01
5.335570526123046875e+01
5.436241531372070312e+01
5.536912918090820312e+01
5.637583923339843750e+01
5.738254928588867188e+01
5.838926315307617188e+01
5.939597320556640625e+01
6.040268325805664062e+01
6.140939712524414062e+01
6.241610717773437500e+01
6.342281723022460938e+01
6.442952728271484375e+01
6.543624114990234375e+01
6.644295501708984375e+01
6.744966125488281250e+01
6.845637512207031250e+01
6.946308898925781250e+01
7.046979522705078125e+01
7.147650909423828125e+01
7.248322296142578125e+01
7.348992919921875000e+01
7.449664306640625000e+01
7.550335693359375000e+01
7.651007080078125000e+01
7.751677703857421875e+01
7.852349090576171875e+01
7.953020477294921875e+01
8.053691101074218750e+01
8.154362487792968750e+01
8.255033874511718750e+01
8.355704498291015625e+01
8.456375885009765625e+01
8.557047271728515625e+01
8.657717895507812500e+01
8.758389282226562500e+01
8.859060668945312500e+01
8.959731292724609375e+01
9.060402679443359375e+01
9.161074066162109375e+01
9.261744689941406250e+01
9.362416076660156250e+01
9.463087463378906250e+01
9.563758087158203125e+01
9.664429473876953125e+01
9.765100860595703125e+01
9.865771484375000000e+01
9.966442871093750000e+01
1.006711425781250000e+02
1.016778488159179688e+02
1.026845626831054688e+02
1.036912765502929688e+02
1.046979827880859375e+02
1.057046966552734375e+02
1.067114105224609375e+02
1.077181243896484375e+02
1.087248306274414062e+02
1.097315444946289062e+02
1.107382583618164062e+02
1.117449645996093750e+02
1.127516784667968750e+02
1.137583923339843750e+02
1.147650985717773438e+02
1.157718124389648438e+02
1.167785263061523438e+02
1.177852325439453125e+02
1.187919464111328125e+02
1.197986602783203125e+02
1.208053665161132812e+02
1.218120803833007812e+02
1.228187942504882812e+02
1.238255004882812500e+02
1.248322143554687500e+02
1.258389282226562500e+02
1.268456344604492188e+02
1.278523483276367188e+02
1.288590545654296875e+02
1.298657684326171875e+02
1.308724822998046875e+02
1.318791961669921875e+02
1.328859100341796875e+02
1.338926239013671875e+02
1.348993225097656250e+02
1.359060363769531250e+02
1.369127502441406250e+02
1.379194641113281250e+02
1.389261779785156250e+02
1.399328918457031250e+02
1.409395904541015625e+02
1.419463043212890625e+02
1.429530181884765625e+02
1.439597320556640625e+02
1.449664459228515625e+02
1.459731597900390625e+02
1.469798583984375000e+02
1.479865722656250000e+02
1.489932861328125000e+02
1.500000000000000000e+02
