1.000000000000000000e+00
1.000000000000000000e+00
1.000000000000000000e+00
7.399999999999999911e-01
1.000000000000000000e+00
1.000000000000000000e+00
1.000000000000000000e+00
1.000000000000000000e+00
1.000000000000000000e+00
1.000000000000000000e+00
1.000000000000000000e+00
1.000000000000000000e+00
1.000000000000000000e+00
1.000000000000000000e+00
1.000000000000000000e+00
1.000000000000000000e+00
1.000000000000000000e+00
1.000000000000000000e+00
9.699999999999999734e-01
1.000000000000000000e+00
1.000000000000000000e+00
8.000000000000000444e-01
1.000000000000000000e+00
1.000000000000000000e+00
8.199999999999999512e-01
1.000000000000000000e+00
1.000000000000000000e+00
1.000000000000000000e+00
8.399999999999999689e-01
1.000000000000000000e+00
1.000000000000000000e+00
8.199999999999999512e-01
1.000000000000000000e+00
1.000000000000000000e+00
8.299999999999999600e-01
1.000000000000000000e+00
1.000000000000000000e+00
8.399999999999999689e-01
1.000000000000000000e+00
1.000000000000000000e+00
1.000000000000000000e+00
8.599999999999999867e-01
1.000000000000000000e+00
1.000000000000000000e+00
8.599999999999999867e-01
1.000000000000000000e+00
1.000000000000000000e+00
8.699999999999999956e-01
1.000000000000000000e+00
9.599999999999999645e-01
8.599999999999999867e-01
1.000000000000000000e+00
1.000000000000000000e+00
1.000000000000000000e+00
9.399999999999999467e-01
1.000000000000000000e+00
1.000000000000000000e+00
9.200000000000000400e-01
