0.130872 0.488864 0 0.153566 2 39
0.050336 1.17038 0 0.742274 2 31
0.057047 -0.172606 0 0.243282 2 34
-0.063758 -0.139198 0 0.282687 2 4
-0.057047 -0.125835 0 0.334871 2 6
-0.050336 -0.112472 0 0.349428 2 8
0.050336 -0.112472 0 0.35219 2 32
-0.02349 -0.092428 0 0.359183 2 16
0.083893 0.749443 0 0.367553 2 44
-0.036913 -0.099109 0 0.368886 2 10
0.036913 -0.099109 0 0.371664 2 30
-0.184564 0.675947 0 0.536157 2 0
-0.030201 0.836303 0 0.565364 2 15
-0.003356 0.368597 0 0.725506 2 21
-0.030201 0.595768 0 0.698668 2 17
0.02349 0.528953 0 0.667606 2 29
0.010067 0.228285 0 0.629354 2 26
-0.050336 0.64922 0 0.636319 2 14
