0.057047 1.19042 0 0.73412 2 31
0.130872 0.488864 0 0.151009 2 39
0.130872 1.17038 0 0.714134 2 50
0.02349 0.562361 0 0.668539 2 29
0.057047 -0.172606 0 0.243866 2 34
-0.063758 -0.139198 0 0.283255 2 4
-0.057047 -0.125835 0 0.335326 2 6
-0.050336 -0.112472 0 0.349841 2 8
0.050336 -0.112472 0 0.352771 2 32
-0.02349 -0.092428 0 0.359128 2 16
-0.036913 -0.099109 0 0.369127 2 10
0.036913 -0.099109 0 0.372078 2 30
0.077181 0.762806 0 0.422725 2 44
0.02349 0.348552 0 0.518143 2 52
-0.197987 0.662584 0 0.554814 2 0
-0.030201 0.856347 0 0.560906 2 15
0.016779 0.268374 0 0.64672 2 26
-0.010067 0.422049 0 0.616512 2 21
