-0.003356 0.328508 0 0.748688 2 21
0.050336 1.15033 0 0.744772 2 31
0.124161 0.482183 0 0.147927 2 39
-0.02349 0.548998 0 0.713993 2 17
0.057047 -0.172606 0 0.242926 2 34
-0.063758 -0.139198 0 0.282407 2 4
-0.036913 0.615813 0 0.693988 2 14
-0.057047 -0.125835 0 0.334761 2 6
-0.050336 -0.112472 0 0.349464 2 8
0.050336 -0.112472 0 0.351898 2 32
-0.02349 -0.092428 0 0.359744 2 16
-0.036913 -0.099109 0 0.369205 2 10
0.02349 0.502227 0 0.642128 2 29
0.036913 -0.099109 0 0.371456 2 30
-0.110738 0.669265 0 0.398898 2 2
-0.171141 0.682628 0 0.521951 2 0
0.010067 0.762806 0 0.54303 2 27
-0.030201 0.816258 0 0.562631 2 15
0.010067 0.208241 0 0.617408 2 26
