0.02349 0.555679 0 0.672323 2 29
0.050336 1.18374 0 0.735111 2 31
0.130872 0.488864 0 0.153274 2 39
0.057047 -0.172606 0 0.243706 2 34
-0.063758 -0.139198 0 0.283105 2 4
-0.057047 -0.125835 0 0.335195 2 6
-0.050336 -0.112472 0 0.34971 2 8
0.050336 -0.112472 0 0.352634 2 32
-0.02349 -0.092428 0 0.359054 2 16
-0.036913 -0.099109 0 0.369009 2 10
0.036913 -0.099109 0 0.371988 2 30
0.077181 0.762806 0 0.411166 2 44
-0.191275 0.669265 0 0.553235 2 0
-0.030201 0.849666 0 0.563827 2 15
-0.003356 0.408686 0 0.641962 2 21
0.016779 0.261693 0 0.642316 2 26
