0.050336 1.17038 0 0.741702 2 31
0.003356 0.368597 0 0.71459 2 21
0.130872 0.488864 0 0.15417 2 39
0.057047 -0.172606 0 0.243429 2 34
-0.063758 -0.139198 0 0.282802 2 4
-0.057047 -0.125835 0 0.33498 2 6
-0.050336 -0.112472 0 0.349538 2 8
-0.030201 0.60245 0 0.688331 2 17
0.050336 -0.112472 0 0.352304 2 32
-0.02349 -0.092428 0 0.359187 2 16
-0.036913 -0.099109 0 0.368959 2 10
0.036913 -0.099109 0 0.371729 2 30
0.02349 0.535635 0 0.669354 2 29
0.083893 0.749443 0 0.378523 2 44
-0.184564 0.675947 0 0.541897 2 0
0.010067 0.234967 0 0.625598 2 26
-0.057047 0.655902 0 0.621494 2 14
-0.030201 0.836303 0 0.565937 2 15
0.003356 0.174833 0 0.598141 2 46
