0.057047 1.1971 0 0.732739 2 31
0.130872 0.495546 0 0.149939 2 39
0.130872 1.17038 0 0.7126 2 50
0.057047 -0.172606 0 0.244074 2 34
-0.063758 -0.139198 0 0.283476 2 4
-0.057047 -0.125835 0 0.335517 2 6
-0.050336 -0.112472 0 0.35003 2 8
0.050336 -0.112472 0 0.352992 2 32
0.02349 0.575724 0 0.65972 2 29
-0.02349 -0.092428 0 0.359212 2 16
-0.036913 -0.099109 0 0.369291 2 10
0.036913 -0.099109 0 0.372246 2 30
0.077181 0.769488 0 0.438049 2 44
-0.197987 0.655902 0 0.560723 2 0
-0.02349 0.86971 0 0.5624 2 15
0.016779 0.281737 0 0.651252 2 26
-0.003356 0.395323 0 0.593654 2 55
0.010067 0.328508 0 0.571608 2 52
