0.043624 1.14365 0 0.747059 2 31
-0.003356 0.321826 0 0.744619 2 21
0.124161 0.482183 0 0.14683 2 39
-0.02349 0.542316 0 0.707368 2 17
-0.030201 0.609131 0 0.698177 2 14
0.057047 -0.172606 0 0.242867 2 34
-0.063758 -0.139198 0 0.28239 2 4
-0.057047 -0.125835 0 0.33478 2 6
-0.050336 -0.112472 0 0.349512 2 8
0.050336 -0.112472 0 0.351868 2 32
-0.02349 -0.092428 0 0.359875 2 16
-0.036913 -0.099109 0 0.3693 2 10
0.02349 0.495546 0 0.632659 2 29
0.036913 -0.099109 0 0.371431 2 30
-0.104027 0.669265 0 0.401199 2 2
0.090604 0.776169 0 0.406828 2 38
-0.171141 0.682628 0 0.513105 2 0
0.010067 0.756125 0 0.541899 2 27
-0.030201 0.809577 0 0.561654 2 15
0.010067 0.208241 0 0.613074 2 26
