0.130872 0.488864 0 0.152678 2 39
0.02349 0.555679 0 0.670886 2 29
0.057047 -0.172606 0 0.243739 2 34
-0.063758 -0.139198 0 0.283134 2 4
0.050336 1.18374 0 0.73427 2 31
-0.057047 -0.125835 0 0.335217 2 6
-0.050336 -0.112472 0 0.349735 2 8
0.050336 -0.112472 0 0.352679 2 32
-0.02349 -0.092428 0 0.359089 2 16
-0.036913 -0.099109 0 0.369039 2 10
0.036913 -0.099109 0 0.372016 2 30
0.077181 0.762806 0 0.415467 2 44
-0.191275 0.669265 0 0.552079 2 0
-0.030201 0.856347 0 0.562097 2 15
-0.010067 0.415367 0 0.643802 2 21
0.016779 0.261693 0 0.640103 2 26
