0.050336 1.17038 0 0.742173 2 31
-0.003356 0.375278 0 0.723115 2 21
0.130872 0.488864 0 0.153848 2 39
-0.030201 0.60245 0 0.689056 2 17
0.02349 0.528953 0 0.66752 2 29
0.057047 -0.172606 0 0.243386 2 34
-0.057047 0.655902 0 0.635312 2 14
-0.063758 -0.139198 0 0.282741 2 4
-0.057047 -0.125835 0 0.33493 2 6
-0.050336 -0.112472 0 0.349496 2 8
0.010067 0.228285 0 0.627952 2 26
0.050336 -0.112472 0 0.352244 2 32
-0.02349 -0.092428 0 0.359241 2 16
-0.036913 -0.099109 0 0.368953 2 10
0.036913 -0.099109 0 0.371675 2 30
0.083893 0.749443 0 0.373399 2 44
-0.184564 0.675947 0 0.539359 2 0
-0.030201 0.836303 0 0.566393 2 15
