0.050336 1.1637 0 0.743611 2 31
-0.003356 0.355234 0 0.738642 2 21
0.130872 0.488864 0 0.151911 2 39
-0.02349 0.575724 0 0.70935 2 17
0.057047 -0.172606 0 0.243274 2 34
-0.063758 -0.139198 0 0.282665 2 4
-0.057047 -0.125835 0 0.334908 2 6
0.02349 0.522272 0 0.659487 2 29
-0.050336 -0.112472 0 0.349508 2 8
0.050336 -0.112472 0 0.352135 2 32
-0.02349 -0.092428 0 0.359449 2 16
-0.050336 0.642539 0 0.65568 2 14
-0.036913 -0.099109 0 0.369057 2 10
0.036913 -0.099109 0 0.371603 2 30
-0.177852 0.675947 0 0.532164 2 0
0.010067 0.782851 0 0.540648 2 27
-0.030201 0.829621 0 0.565388 2 15
0.010067 0.221604 0 0.628825 2 26
