0.057047 1.19042 0 0.733498 2 31
0.130872 0.488864 0 0.149915 2 39
0.130872 1.17038 0 0.714268 2 50
0.02349 0.569042 0 0.665328 2 29
0.057047 -0.172606 0 0.243902 2 34
-0.063758 -0.139198 0 0.283327 2 4
-0.057047 -0.125835 0 0.335377 2 6
-0.050336 -0.112472 0 0.349873 2 8
0.050336 -0.112472 0 0.352849 2 32
-0.02349 -0.092428 0 0.359064 2 16
-0.036913 -0.099109 0 0.369121 2 10
0.036913 -0.099109 0 0.372163 2 30
0.077181 0.762806 0 0.426021 2 44
0.02349 0.348552 0 0.524234 2 52
-0.197987 0.662584 0 0.557619 2 0
-0.02349 0.863029 0 0.562182 2 15
0.016779 0.268374 0 0.641964 2 26
-0.016779 0.428731 0 0.599527 2 21
