-0.003356 0.321826 0 0.746609 2 21
0.124161 0.482183 0 0.147471 2 39
0.043624 1.14365 0 0.745775 2 31
-0.02349 0.548998 0 0.710137 2 17
-0.030201 0.609131 0 0.693585 2 14
0.057047 -0.172606 0 0.242892 2 34
-0.063758 -0.139198 0 0.282394 2 4
0.02349 0.502227 0 0.635495 2 29
-0.057047 -0.125835 0 0.334766 2 6
-0.050336 -0.112472 0 0.349482 2 8
0.050336 -0.112472 0 0.351881 2 32
-0.02349 -0.092428 0 0.359806 2 16
-0.036913 -0.099109 0 0.369248 2 10
0.036913 -0.099109 0 0.371443 2 30
-0.110738 0.669265 0 0.399689 2 2
-0.171141 0.682628 0 0.518186 2 0
0.010067 0.756125 0 0.541508 2 27
0.010067 0.208241 0 0.616301 2 26
-0.030201 0.816258 0 0.561594 2 15
