0.050336 1.1637 0 0.742627 2 31
-0.003356 0.368597 0 0.734588 2 21
0.130872 0.488864 0 0.152975 2 39
0.057047 -0.172606 0 0.243454 2 34
-0.063758 -0.139198 0 0.282816 2 4
-0.057047 -0.125835 0 0.335023 2 6
-0.050336 -0.112472 0 0.349595 2 8
-0.02349 0.582405 0 0.698815 2 17
0.050336 -0.112472 0 0.352256 2 32
-0.02349 -0.092428 0 0.359425 2 16
0.083893 0.749443 0 0.36088 2 44
0.016779 0.522272 0 0.662667 2 29
-0.036913 -0.099109 0 0.369087 2 10
-0.050336 0.64922 0 0.642183 2 14
0.036913 -0.099109 0 0.371669 2 30
-0.177852 0.675947 0 0.533263 2 0
-0.030201 0.829621 0 0.56528 2 15
0.010067 0.228285 0 0.625892 2 26
