0.057047 1.1971 0 0.733065 2 31
0.130872 0.495546 0 0.149272 2 39
0.130872 1.17038 0 0.71347 2 50
0.02349 0.569042 0 0.661265 2 29
0.057047 -0.172606 0 0.244001 2 34
-0.063758 -0.139198 0 0.283428 2 4
-0.057047 -0.125835 0 0.335466 2 6
-0.050336 -0.112472 0 0.349964 2 8
0.050336 -0.112472 0 0.352948 2 32
-0.02349 -0.092428 0 0.359112 2 16
-0.036913 -0.099109 0 0.369204 2 10
0.036913 -0.099109 0 0.372236 2 30
0.077181 0.769488 0 0.433959 2 44
-0.197987 0.655902 0 0.558941 2 0
-0.02349 0.86971 0 0.560937 2 15
0.016779 0.275056 0 0.652978 2 26
-0.003356 0.395323 0 0.589873 2 55
-0.016779 0.435412 0 0.579648 2 21
0.010067 0.321826 0 0.568206 2 52
