0.057047 1.20379 0 0.730403 2 31
0.130872 1.17706 0 0.709813 2 50
0.016779 0.288419 0 0.658749 2 26
0.02349 0.582405 0 0.649195 2 29
0.130872 0.495546 0 0.151356 2 39
0.057047 -0.172606 0 0.244199 2 34
-0.003356 0.408686 0 0.605527 2 55
-0.063758 -0.139198 0 0.283632 2 4
-0.057047 -0.125835 0 0.335644 2 6
-0.050336 -0.112472 0 0.350151 2 8
0.050336 -0.112472 0 0.353158 2 32
-0.02349 -0.092428 0 0.359237 2 16
-0.036913 -0.099109 0 0.369382 2 10
0.003356 0.208241 0 0.587225 2 56
0.036913 -0.099109 0 0.372392 2 30
0.077181 0.769488 0 0.448897 2 44
0.016779 0.335189 0 0.578656 2 52
-0.197987 0.655902 0 0.555113 2 0
-0.02349 0.876392 0 0.561338 2 15
