0.057047 1.20379 0 0.730736 2 31
0.130872 1.17706 0 0.710661 2 50
0.130872 0.495546 0 0.151 2 39
0.02349 0.575724 0 0.651056 2 29
0.016779 0.281737 0 0.65052 2 26
0.057047 -0.172606 0 0.244172 2 34
-0.063758 -0.139198 0 0.283567 2 4
-0.057047 -0.125835 0 0.335602 2 6
-0.050336 -0.112472 0 0.350125 2 8
0.050336 -0.112472 0 0.353085 2 32
-0.02349 -0.092428 0 0.359272 2 16
-0.036913 -0.099109 0 0.369383 2 10
0.036913 -0.099109 0 0.372313 2 30
-0.003356 0.402004 0 0.602939 2 55
0.077181 0.769488 0 0.445491 2 44
0.010067 0.335189 0 0.574592 2 52
-0.197987 0.655902 0 0.558835 2 0
-0.02349 0.86971 0 0.561212 2 15
