0.057047 1.1971 0 0.733072 2 31
0.137584 0.488864 0 0.148898 2 39
0.130872 1.17038 0 0.714044 2 50
0.02349 0.569042 0 0.665194 2 29
0.057047 -0.172606 0 0.243974 2 34
-0.063758 -0.139198 0 0.28338 2 4
-0.057047 -0.125835 0 0.335432 2 6
-0.050336 -0.112472 0 0.349938 2 8
0.050336 -0.112472 0 0.352895 2 32
-0.02349 -0.092428 0 0.359154 2 16
-0.036913 -0.099109 0 0.369202 2 10
0.036913 -0.099109 0 0.372178 2 30
0.077181 0.769488 0 0.429621 2 44
-0.197987 0.662584 0 0.558637 2 0
-0.02349 0.863029 0 0.562106 2 15
0.010067 0.321826 0 0.570234 2 52
-0.003356 0.395323 0 0.583379 2 55
-0.010067 0.428731 0 0.590137 2 21
0.016779 0.275056 0 0.652244 2 26
