0.050336 1.1637 0 0.743361 2 31
-0.003356 0.355234 0 0.743351 2 21
-0.02349 0.569042 0 0.710322 2 17
0.130872 0.488864 0 0.151337 2 39
-0.043624 0.635857 0 0.659404 2 14
0.02349 0.51559 0 0.658863 2 29
0.010067 0.221604 0 0.624525 2 26
0.057047 -0.172606 0 0.243219 2 34
-0.063758 -0.139198 0 0.282626 2 4
-0.057047 -0.125835 0 0.334882 2 6
-0.050336 -0.112472 0 0.349491 2 8
0.050336 -0.112472 0 0.352106 2 32
-0.02349 -0.092428 0 0.359481 2 16
-0.036913 -0.099109 0 0.369063 2 10
0.036913 -0.099109 0 0.371594 2 30
-0.177852 0.682628 0 0.529882 2 0
0.010067 0.776169 0 0.541888 2 27
-0.030201 0.82294 0 0.563297 2 15
