0.050336 1.15702 0 0.744345 2 31
-0.003356 0.341871 0 0.747844 2 21
0.130872 0.488864 0 0.1499 2 39
-0.02349 0.562361 0 0.7152 2 17
-0.043624 0.629176 0 0.674065 2 14
0.057047 -0.172606 0 0.243224 2 34
0.02349 0.508909 0 0.653468 2 29
-0.063758 -0.139198 0 0.282651 2 4
-0.057047 -0.125835 0 0.334939 2 6
-0.050336 -0.112472 0 0.349574 2 8
0.050336 -0.112472 0 0.35211 2 32
-0.02349 -0.092428 0 0.35966 2 16
-0.036913 -0.099109 0 0.369202 2 10
0.036913 -0.099109 0 0.371596 2 30
-0.171141 0.682628 0 0.524988 2 0
0.010067 0.769488 0 0.542627 2 27
-0.030201 0.82294 0 0.563944 2 15
0.010067 0.214922 0 0.62474 2 26
