0.050336 1.17706 0 0.739129 2 31
0.130872 0.488864 0 0.15447 2 39
0.124161 1.15033 0 0.719849 2 48
0.003356 0.38196 0 0.682512 2 21
0.057047 -0.172606 0 0.243506 2 34
-0.063758 -0.139198 0 0.282907 2 4
-0.057047 -0.125835 0 0.335037 2 6
-0.050336 -0.112472 0 0.349568 2 8
0.050336 -0.112472 0 0.352432 2 32
-0.02349 -0.092428 0 0.359084 2 16
-0.036913 -0.099109 0 0.368928 2 10
0.036913 -0.099109 0 0.371835 2 30
0.077181 0.756125 0 0.392476 2 44
0.02349 0.542316 0 0.671414 2 29
-0.184564 0.669265 0 0.542246 2 0
-0.030201 0.615813 0 0.667873 2 17
-0.030201 0.842984 0 0.566013 2 15
0.016779 0.255011 0 0.63258 2 26
-0.063758 0.669265 0 0.605999 2 14
