9.300000000000000488e-01
6.899999999999999467e-01
9.100000000000000311e-01
1.000000000000000000e+00
9.300000000000000488e-01
5.999999999999999778e-01
9.499999999999999556e-01
9.000000000000000222e-01
9.899999999999999911e-01
6.199999999999999956e-01
9.499999999999999556e-01
9.000000000000000222e-01
9.899999999999999911e-01
8.900000000000000133e-01
9.599999999999999645e-01
9.899999999999999911e-01
1.000000000000000000e+00
9.300000000000000488e-01
7.800000000000000266e-01
9.300000000000000488e-01
1.000000000000000000e+00
9.300000000000000488e-01
6.999999999999999556e-01
9.399999999999999467e-01
1.000000000000000000e+00
9.300000000000000488e-01
6.899999999999999467e-01
9.100000000000000311e-01
1.000000000000000000e+00
9.300000000000000488e-01
5.999999999999999778e-01
9.499999999999999556e-01
9.000000000000000222e-01
