9.399999999999999467e-01
5.500000000000000444e-01
9.300000000000000488e-01
1.000000000000000000e+00
9.399999999999999467e-01
6.199999999999999956e-01
1.000000000000000000e+00
5.200000000000000178e-01
9.100000000000000311e-01
6.199999999999999956e-01
1.000000000000000000e+00
5.699999999999999512e-01
8.800000000000000044e-01
9.300000000000000488e-01
9.599999999999999645e-01
7.500000000000000000e-01
9.399999999999999467e-01
9.300000000000000488e-01
7.700000000000000178e-01
7.099999999999999645e-01
1.000000000000000000e+00
9.300000000000000488e-01
5.600000000000000533e-01
6.899999999999999467e-01
1.000000000000000000e+00
9.399999999999999467e-01
5.500000000000000444e-01
9.300000000000000488e-01
1.000000000000000000e+00
9.399999999999999467e-01
6.199999999999999956e-01
1.000000000000000000e+00
5.200000000000000178e-01
