8.499999999999999778e-01
7.500000000000000000e-01
8.800000000000000044e-01
7.800000000000000266e-01
8.800000000000000044e-01
6.999999999999999556e-01
8.599999999999999867e-01
9.100000000000000311e-01
8.199999999999999512e-01
8.699999999999999956e-01
8.499999999999999778e-01
9.100000000000000311e-01
9.000000000000000222e-01
7.500000000000000000e-01
7.600000000000000089e-01
9.200000000000000400e-01
9.899999999999999911e-01
9.499999999999999556e-01
7.700000000000000178e-01
9.100000000000000311e-01
8.699999999999999956e-01
8.699999999999999956e-01
7.700000000000000178e-01
8.499999999999999778e-01
8.800000000000000044e-01
8.499999999999999778e-01
7.500000000000000000e-01
8.800000000000000044e-01
7.800000000000000266e-01
8.800000000000000044e-01
6.999999999999999556e-01
8.599999999999999867e-01
9.100000000000000311e-01
