9.699999999999999734e-01
1.000000000000000000e+00
9.300000000000000488e-01
1.000000000000000000e+00
9.300000000000000488e-01
7.099999999999999645e-01
9.899999999999999911e-01
9.899999999999999911e-01
7.700000000000000178e-01
1.000000000000000000e+00
9.899999999999999911e-01
1.000000000000000000e+00
7.600000000000000089e-01
9.699999999999999734e-01
1.000000000000000000e+00
9.000000000000000222e-01
9.200000000000000400e-01
9.300000000000000488e-01
1.000000000000000000e+00
9.499999999999999556e-01
9.699999999999999734e-01
9.699999999999999734e-01
1.000000000000000000e+00
9.300000000000000488e-01
1.000000000000000000e+00
9.699999999999999734e-01
1.000000000000000000e+00
9.300000000000000488e-01
1.000000000000000000e+00
9.300000000000000488e-01
7.099999999999999645e-01
9.899999999999999911e-01
9.899999999999999911e-01
