8.900000000000000133e-01
1.000000000000000000e+00
8.499999999999999778e-01
9.899999999999999911e-01
8.900000000000000133e-01
6.400000000000000133e-01
8.299999999999999600e-01
9.899999999999999911e-01
6.500000000000000222e-01
1.000000000000000000e+00
8.499999999999999778e-01
9.699999999999999734e-01
7.399999999999999911e-01
9.000000000000000222e-01
9.899999999999999911e-01
8.699999999999999956e-01
9.300000000000000488e-01
9.599999999999999645e-01
1.000000000000000000e+00
9.699999999999999734e-01
9.899999999999999911e-01
8.900000000000000133e-01
1.000000000000000000e+00
9.200000000000000400e-01
1.000000000000000000e+00
8.900000000000000133e-01
1.000000000000000000e+00
8.499999999999999778e-01
9.899999999999999911e-01
8.900000000000000133e-01
6.400000000000000133e-01
8.299999999999999600e-01
9.899999999999999911e-01
