9.899999999999999911e-01
7.099999999999999645e-01
1.000000000000000000e+00
1.000000000000000000e+00
9.699999999999999734e-01
6.600000000000000311e-01
9.499999999999999556e-01
9.000000000000000222e-01
8.000000000000000444e-01
6.199999999999999956e-01
9.499999999999999556e-01
9.000000000000000222e-01
1.000000000000000000e+00
9.100000000000000311e-01
9.599999999999999645e-01
9.300000000000000488e-01
9.300000000000000488e-01
9.300000000000000488e-01
8.100000000000000533e-01
1.000000000000000000e+00
1.000000000000000000e+00
9.499999999999999556e-01
8.199999999999999512e-01
1.000000000000000000e+00
1.000000000000000000e+00
9.899999999999999911e-01
7.099999999999999645e-01
1.000000000000000000e+00
1.000000000000000000e+00
9.699999999999999734e-01
6.600000000000000311e-01
9.499999999999999556e-01
9.000000000000000222e-01
