2.033410 -0.633166 1.107000 24.213699 2.000000
2.434300 0.070352 1.107000 49.185299 3.000000
1.142540 -1.738690 1.107000 25.917500 2.000000
2.835190 -1.015080 1.107000 49.245602 3.000000
-0.171492 0.150754 1.107000 13.919100 2.000000
0.051225 0.432161 1.107000 15.016500 3.000000
1.587970 0.331658 1.107000 16.284100 2.000000
1.432070 0.472362 1.107000 16.944201 3.000000
0.006682 -0.010050 1.107000 21.390699 3.000000
0.875278 0.492462 1.107000 0.464677 2.000000
2.612470 0.693467 1.107000 16.367399 2.000000
2.077950 1.236180 1.107000 33.786499 3.000000
0.118040 -2.000000 1.107000 27.206400 3.000000
-0.795100 -0.592965 1.107000 0.000000 0.000000
