1.788420 -0.110553 1.107000 28.459900 2.000000
2.523390 0.030151 1.107000 46.992901 3.000000
0.942094 -0.311558 1.107000 0.964794 2.000000
-0.015590 0.010050 1.107000 25.144300 3.000000
1.654790 -0.753769 1.107000 24.118601 2.000000
2.278400 -1.095480 1.107000 44.890900 3.000000
1.476610 1.618090 1.107000 24.204800 2.000000
3.013360 1.095480 1.107000 35.510101 3.000000
1.543430 -0.351759 1.107000 31.467800 3.000000
0.073497 2.000000 1.107000 27.074301 3.000000
7.000000 -0.251256 1.107000 12.536500 2.000000
-0.795100 -0.592965 1.107000 0.000000 0.000000
