1.788420 -0.693467 1.107000 35.790600 2.000000
2.412030 -1.015080 1.107000 57.002201 3.000000
2.011140 0.090452 1.107000 38.933201 2.000000
1.654790 -0.251256 1.107000 45.813000 3.000000
2.278400 1.457290 1.107000 19.649700 2.000000
3.213810 1.256280 1.107000 20.528999 3.000000
0.942094 -0.311558 1.107000 1.099240 2.000000
-0.015590 0.010050 1.107000 26.131100 3.000000
2.567930 0.150754 1.107000 43.864601 3.000000
0.051225 2.000000 1.107000 26.994101 3.000000
7.000000 -0.211055 1.107000 12.543300 2.000000
-0.795100 -0.592965 1.107000 0.000000 0.000000
