2.055680 0.653266 1.107000 20.391300 2.000000
2.456570 -0.030151 1.107000 48.684898 3.000000
1.231630 1.718590 1.107000 25.504801 2.000000
2.879730 1.055280 1.107000 45.323799 3.000000
-0.149220 -0.150754 1.107000 15.557500 2.000000
0.028953 -0.391960 1.107000 16.384399 3.000000
1.632520 -0.251256 1.107000 20.076300 2.000000
1.476610 -0.412060 1.107000 21.278999 3.000000
-0.015590 0.010050 1.107000 21.535400 3.000000
0.942094 -0.311558 1.107000 0.768541 2.000000
0.118040 2.000000 1.107000 27.159500 3.000000
2.701560 -0.633166 1.107000 18.315201 2.000000
2.144770 -1.175880 1.107000 36.971699 3.000000
-0.795100 0.613065 1.107000 0.000000 0.000000
