1.743880 -0.693467 1.107000 33.017101 2.000000
2.389760 -1.035180 1.107000 54.064999 3.000000
1.966590 0.030151 1.107000 36.660599 2.000000
2.567930 0.110553 1.107000 44.579601 3.000000
1.632520 -0.271357 1.107000 42.468300 3.000000
1.966590 1.497490 1.107000 21.381100 2.000000
3.169270 1.195980 1.107000 24.080799 3.000000
0.051225 2.000000 1.107000 27.009501 3.000000
0.942094 -0.311558 1.107000 1.083330 2.000000
-0.015590 0.010050 1.107000 26.334101 3.000000
7.000000 -0.231156 1.107000 12.538900 2.000000
-0.795100 -0.592965 1.107000 0.000000 0.000000
