1.966590 -0.633166 1.107000 30.423700 2.000000
2.768370 -0.994975 1.107000 55.184299 3.000000
-0.193764 0.130653 1.107000 10.297100 2.000000
0.028953 0.452261 1.107000 11.869900 3.000000
2.367480 0.090452 1.107000 49.579700 3.000000
0.006682 -0.010050 1.107000 17.803400 3.000000
0.875278 0.492462 1.107000 0.333956 2.000000
1.075720 1.738690 1.107000 27.156401 2.000000
1.922050 1.336680 1.107000 29.025000 3.000000
0.229399 1.979900 1.107000 27.770901 3.000000
1.031180 -1.778890 1.107000 26.494200 2.000000
2.501110 0.753769 1.107000 13.362500 2.000000
0.162584 -1.979900 1.107000 27.296801 3.000000
-0.995546 0.010050 1.107000 0.000000 0.000000
