1.988860 -0.633166 1.107000 28.433300 2.000000
2.790650 -0.994975 1.107000 53.325802 3.000000
2.389760 0.090452 1.107000 49.521000 3.000000
-0.171492 0.150754 1.107000 11.619200 2.000000
0.028953 0.432161 1.107000 13.024600 3.000000
0.006682 -0.010050 1.107000 19.132601 3.000000
0.875278 0.492462 1.107000 0.380397 2.000000
2.545660 0.733668 1.107000 14.300000 2.000000
1.988860 1.296480 1.107000 30.492800 3.000000
1.075720 -1.758790 1.107000 26.321501 2.000000
0.140312 -1.979900 1.107000 27.264500 3.000000
-0.795100 0.613065 1.107000 0.000000 0.000000
