1.743880 -0.693467 1.107000 32.042999 2.000000
2.367480 -1.035180 1.107000 53.065800 3.000000
1.877510 1.497490 1.107000 21.837000 2.000000
3.169270 1.175880 1.107000 25.313601 3.000000
1.944320 0.010050 1.107000 35.835201 2.000000
2.567930 0.110553 1.107000 44.857300 3.000000
1.610240 -0.291457 1.107000 41.306301 3.000000
0.942094 -0.311558 1.107000 1.075470 2.000000
-0.015590 0.010050 1.107000 26.339800 3.000000
0.051225 2.000000 1.107000 27.014799 3.000000
7.000000 -0.231156 1.107000 12.538000 2.000000
-0.795100 -0.592965 1.107000 0.000000 0.000000
