-0.126949 0.190955 1.107000 17.105400 2.000000
0.051225 0.412060 1.107000 17.658100 3.000000
2.790650 0.592965 1.107000 20.876200 2.000000
2.211580 1.155780 1.107000 41.351601 3.000000
1.743880 0.190955 1.107000 24.884800 2.000000
2.501110 0.010050 1.107000 47.827999 3.000000
0.006682 -0.010050 1.107000 24.222900 3.000000
0.964365 0.271357 1.107000 0.637183 2.000000
1.342980 -1.638190 1.107000 24.844000 2.000000
2.946550 -1.055280 1.107000 39.916901 3.000000
0.095768 -2.000000 1.107000 27.114799 3.000000
1.521160 0.391960 1.107000 27.002899 3.000000
2.167040 -0.653266 1.107000 15.540400 2.000000
-0.995546 0.010050 1.107000 0.000000 0.000000
