1.677060 -0.211055 1.107000 22.212799 2.000000
2.478840 -0.010050 1.107000 48.342999 3.000000
-0.149220 -0.170854 1.107000 16.305099 2.000000
0.051225 -0.391960 1.107000 17.021999 3.000000
1.298440 1.678390 1.107000 25.232901 2.000000
2.924280 1.055280 1.107000 42.963699 3.000000
-0.015590 0.010050 1.107000 22.671000 3.000000
0.942094 -0.311558 1.107000 0.825454 2.000000
2.723830 -0.613065 1.107000 19.466700 2.000000
2.189310 -1.155780 1.107000 38.884102 3.000000
0.095768 2.000000 1.107000 27.135700 3.000000
2.077950 0.653266 1.107000 18.225100 2.000000
1.498890 -0.391960 1.107000 23.809401 3.000000
-0.795100 -0.592965 1.107000 0.000000 0.000000
