1.766150 0.713568 1.107000 34.403599 2.000000
2.412030 1.035180 1.107000 55.549500 3.000000
1.988860 -0.050251 1.107000 37.835499 2.000000
2.567930 -0.110553 1.107000 44.209702 3.000000
2.122490 -1.457290 1.107000 20.587400 2.000000
3.213810 -1.195980 1.107000 22.269699 3.000000
1.632520 0.291457 1.107000 44.168098 3.000000
0.051225 -2.000000 1.107000 27.013399 3.000000
0.964365 0.271357 1.107000 0.802038 2.000000
-0.015590 0.010050 1.107000 26.056999 3.000000
7.000000 0.251256 1.107000 12.540900 2.000000
-0.995546 0.010050 1.107000 0.000000 0.000000
