1.899780 0.673367 1.107000 38.998901 2.000000
2.657020 0.994975 1.107000 62.603699 3.000000
2.189310 -0.090452 1.107000 48.790401 3.000000
0.385301 -0.391960 1.107000 2.735230 2.000000
-0.037862 -0.492462 1.107000 4.297260 3.000000
0.028953 0.351759 1.107000 4.483480 2.000000
0.608018 0.432161 1.107000 5.666200 3.000000
0.095768 0.010050 1.107000 9.812680 3.000000
0.964365 0.271357 1.107000 0.414957 2.000000
7.000000 -0.271357 1.107000 12.562400 2.000000
0.118040 -1.979900 1.107000 27.469801 3.000000
-0.795100 -0.592965 1.107000 0.000000 0.000000
