1.721600 -0.170854 1.107000 24.335300 2.000000
2.501110 0.010050 1.107000 47.929199 3.000000
-0.126949 -0.170854 1.107000 16.959900 2.000000
0.051225 -0.391960 1.107000 17.545000 3.000000
2.790650 -0.572864 1.107000 20.603800 2.000000
2.211580 -1.135680 1.107000 40.853401 3.000000
-0.015590 0.010050 1.107000 23.651400 3.000000
0.942094 -0.311558 1.107000 0.877202 2.000000
1.342980 1.678390 1.107000 24.928900 2.000000
2.946550 1.075380 1.107000 40.531601 3.000000
0.095768 2.000000 1.107000 27.113600 3.000000
1.521160 -0.391960 1.107000 26.360600 3.000000
2.144770 0.653266 1.107000 16.071199 2.000000
-0.995546 0.010050 1.107000 0.000000 0.000000
