2.011140 -0.633166 1.107000 26.356800 2.000000
2.790650 -1.015080 1.107000 51.333599 3.000000
2.412030 0.070352 1.107000 49.384399 3.000000
-0.171492 0.150754 1.107000 12.832200 2.000000
0.028953 0.432161 1.107000 14.076800 3.000000
0.006682 -0.010050 1.107000 20.330400 3.000000
0.875278 0.492462 1.107000 0.424021 2.000000
2.590200 0.713568 1.107000 15.304500 2.000000
2.033410 1.276380 1.107000 32.086300 3.000000
1.142540 -1.738690 1.107000 26.129299 2.000000
0.140312 -1.979900 1.107000 27.234100 3.000000
-0.995546 0.010050 1.107000 0.000000 0.000000
