1.899780 -0.633166 1.107000 38.001900 2.000000
2.657020 -0.974874 1.107000 61.808498 3.000000
0.051225 -0.391960 1.107000 3.759310 2.000000
0.630290 -0.412060 1.107000 4.782180 3.000000
2.256120 0.130653 1.107000 48.998501 3.000000
0.407572 0.371859 1.107000 3.744240 2.000000
-0.015590 0.492462 1.107000 5.490870 3.000000
0.006682 -0.010050 1.107000 10.745400 3.000000
0.942094 -0.311558 1.107000 0.517778 2.000000
7.000000 0.291457 1.107000 12.561100 2.000000
0.140312 2.000000 1.107000 27.520700 3.000000
-0.795100 -0.592965 1.107000 0.000000 0.000000
