1.988860 0.653266 1.107000 26.877300 2.000000
2.812920 1.015080 1.107000 51.841301 3.000000
-0.171492 -0.130653 1.107000 12.540700 2.000000
0.028953 -0.412060 1.107000 13.825400 3.000000
2.389760 -0.050251 1.107000 49.417301 3.000000
0.006682 0.030151 1.107000 18.714399 3.000000
0.942094 -0.311558 1.107000 0.568465 2.000000
2.567930 -0.693467 1.107000 15.069100 2.000000
2.011140 -1.256280 1.107000 31.677900 3.000000
1.098000 1.758790 1.107000 26.181801 2.000000
0.140312 2.000000 1.107000 27.241699 3.000000
-0.795100 -0.592965 1.107000 0.000000 0.000000
