1.788420 0.713568 1.107000 36.245399 2.000000
2.434300 1.015080 1.107000 57.474701 3.000000
2.033410 -0.070352 1.107000 39.291901 2.000000
1.654790 0.271357 1.107000 46.352100 3.000000
2.567930 -0.130653 1.107000 43.745998 3.000000
2.367480 -1.437190 1.107000 19.300301 2.000000
3.213810 -1.256280 1.107000 19.966999 3.000000
0.964365 0.271357 1.107000 0.809879 2.000000
-0.015590 0.010050 1.107000 25.873600 3.000000
0.051225 -2.000000 1.107000 27.004400 3.000000
7.000000 0.231156 1.107000 12.544300 2.000000
-0.795100 0.613065 1.107000 0.000000 0.000000
