1.654790 0.271357 1.107000 20.631001 2.000000
2.456570 0.030151 1.107000 48.607300 3.000000
1.231630 -1.678390 1.107000 25.433201 2.000000
2.879730 -1.035180 1.107000 44.743198 3.000000
-0.149220 0.190955 1.107000 15.758000 2.000000
0.051225 0.412060 1.107000 16.554100 3.000000
2.701560 0.653266 1.107000 18.620300 2.000000
2.144770 1.195980 1.107000 37.444698 3.000000
1.476610 0.432161 1.107000 21.906601 3.000000
0.006682 -0.010050 1.107000 23.087700 3.000000
0.964365 0.271357 1.107000 0.554482 2.000000
2.055680 -0.633166 1.107000 19.846701 2.000000
0.095768 -2.000000 1.107000 27.157499 3.000000
-0.995546 0.010050 1.107000 0.000000 0.000000
