1.877510 -0.030151 1.107000 33.241501 2.000000
2.545660 0.090452 1.107000 45.656700 3.000000
1.699330 -0.713568 1.107000 29.126200 2.000000
2.345210 -1.055280 1.107000 50.019299 3.000000
1.587970 -0.311558 1.107000 37.721298 3.000000
0.942094 -0.311558 1.107000 1.044000 2.000000
-0.015590 0.010050 1.107000 26.157900 3.000000
1.699330 1.557790 1.107000 22.937901 2.000000
3.102450 1.135680 1.107000 29.100300 3.000000
0.073497 2.000000 1.107000 27.034401 3.000000
7.000000 -0.251256 1.107000 12.536200 2.000000
-0.795100 0.613065 1.107000 0.000000 0.000000
