1.922050 0.653266 1.107000 35.354599 2.000000
2.701560 0.994975 1.107000 59.594398 3.000000
2.322940 -0.110553 1.107000 49.383499 3.000000
0.162584 0.532663 1.107000 2.385980 2.000000
0.652561 0.472362 1.107000 3.008350 3.000000
7.000000 -0.271357 1.107000 12.557700 2.000000
0.162584 -1.979900 1.107000 27.628099 3.000000
-0.216036 -0.090452 1.107000 6.226340 2.000000
0.006682 -0.452261 1.107000 8.170690 3.000000
0.006682 0.030151 1.107000 12.959300 3.000000
0.853007 -0.552764 1.107000 0.281327 2.000000
-0.795100 -0.592965 1.107000 0.000000 0.000000
