1.743880 -0.713568 1.107000 31.065201 2.000000
2.367480 -1.035180 1.107000 52.049400 3.000000
1.922050 -0.010050 1.107000 34.986599 2.000000
2.567930 0.090452 1.107000 45.115501 3.000000
0.942094 -0.311558 1.107000 1.066300 2.000000
-0.015590 0.010050 1.107000 26.312901 3.000000
1.610240 -0.291457 1.107000 40.136101 3.000000
1.810690 1.517590 1.107000 22.246300 2.000000
0.073497 2.000000 1.107000 27.021200 3.000000
3.124720 1.175880 1.107000 26.563101 3.000000
7.000000 -0.251256 1.107000 12.537200 2.000000
-0.795100 -0.592965 1.107000 0.000000 0.000000
