1.922050 -0.633166 1.107000 37.291000 2.000000
2.679290 -0.974874 1.107000 61.226299 3.000000
2.278400 0.130653 1.107000 49.127800 3.000000
0.095768 -0.432161 1.107000 3.328390 2.000000
0.630290 -0.432161 1.107000 4.233680 3.000000
7.000000 0.291457 1.107000 12.560100 2.000000
0.140312 2.000000 1.107000 27.552601 3.000000
0.429844 0.351759 1.107000 4.426220 2.000000
-0.015590 0.492462 1.107000 6.276470 3.000000
0.006682 -0.010050 1.107000 11.544600 3.000000
0.942094 -0.311558 1.107000 0.477010 2.000000
-0.795100 -0.592965 1.107000 0.000000 0.000000
