1.743880 0.190955 1.107000 25.933100 2.000000
2.501110 0.010050 1.107000 47.591999 3.000000
1.632520 0.773869 1.107000 21.592300 2.000000
2.233850 1.135680 1.107000 42.349602 3.000000
-0.126949 0.211055 1.107000 17.366400 2.000000
0.051225 0.412060 1.107000 17.863600 3.000000
1.409800 -1.638190 1.107000 24.675800 2.000000
2.968820 -1.055280 1.107000 38.669701 3.000000
0.006682 -0.010050 1.107000 24.421200 3.000000
0.964365 0.271357 1.107000 0.655439 2.000000
1.521160 0.391960 1.107000 28.276100 3.000000
0.073497 -2.000000 1.107000 27.105301 3.000000
2.167040 -0.653266 1.107000 14.482200 2.000000
-0.995546 0.010050 1.107000 0.000000 0.000000
