1.966590 -0.633166 1.107000 31.386801 2.000000
2.746100 -0.994975 1.107000 56.063999 3.000000
2.367480 0.110553 1.107000 49.584000 3.000000
-0.193764 0.130653 1.107000 9.602830 2.000000
0.028953 0.452261 1.107000 11.253500 3.000000
0.006682 -0.010050 1.107000 17.093000 3.000000
0.875278 0.492462 1.107000 0.309731 2.000000
1.120270 1.718590 1.107000 27.019899 2.000000
1.877510 1.356780 1.107000 28.345600 3.000000
0.229399 1.979900 1.107000 27.745899 3.000000
2.434300 0.773869 1.107000 12.888300 2.000000
1.031180 -1.778890 1.107000 26.578899 2.000000
0.162584 -1.979900 1.107000 27.313601 3.000000
-0.795100 0.613065 1.107000 0.000000 0.000000
