1.966590 -0.633166 1.107000 32.321098 2.000000
2.723830 -0.994975 1.107000 56.903400 3.000000
2.345210 0.110553 1.107000 49.578201 3.000000
-0.193764 0.130653 1.107000 8.881090 2.000000
0.006682 0.452261 1.107000 10.606100 3.000000
1.209350 1.678390 1.107000 26.862499 2.000000
0.184855 2.000000 1.107000 27.721800 3.000000
1.832960 1.376880 1.107000 27.706800 3.000000
0.006682 -0.010050 1.107000 16.354401 3.000000
7.000000 0.291457 1.107000 12.554100 2.000000
0.875278 0.492462 1.107000 0.284868 2.000000
0.964365 -1.778890 1.107000 26.661100 2.000000
0.162584 -1.979900 1.107000 27.330601 3.000000
-0.795100 0.613065 1.107000 0.000000 0.000000
