1.966590 0.653266 1.107000 28.928499 2.000000
2.768370 1.015080 1.107000 53.801701 3.000000
-0.171492 -0.110553 1.107000 11.294900 2.000000
0.051225 -0.432161 1.107000 12.743800 3.000000
2.389760 -0.070352 1.107000 49.544498 3.000000
0.006682 0.030151 1.107000 17.603701 3.000000
0.853007 -0.552764 1.107000 0.509681 2.000000
2.501110 -0.733668 1.107000 14.067200 2.000000
1.966590 -1.296480 1.107000 30.111700 3.000000
1.031180 1.778890 1.107000 26.369801 2.000000
0.140312 2.000000 1.107000 27.272400 3.000000
-0.795100 -0.592965 1.107000 0.000000 0.000000
