1.922050 0.653266 1.107000 36.156300 2.000000
2.701560 0.994975 1.107000 60.274200 3.000000
2.300670 -0.110553 1.107000 49.298698 3.000000
0.140312 0.492462 1.107000 2.740390 2.000000
0.630290 0.472362 1.107000 3.473140 3.000000
7.000000 -0.271357 1.107000 12.558700 2.000000
0.162584 -1.979900 1.107000 27.598600 3.000000
0.429844 -0.291457 1.107000 5.451050 2.000000
-0.015590 -0.452261 1.107000 7.423290 3.000000
0.006682 0.030151 1.107000 12.241500 3.000000
0.875278 0.492462 1.107000 0.290366 2.000000
-0.795100 0.613065 1.107000 0.000000 0.000000
