1.743880 -0.693467 1.107000 33.961399 2.000000
2.412030 -1.015080 1.107000 55.050999 3.000000
2.033410 1.477390 1.107000 20.870100 2.000000
3.191540 1.216080 1.107000 22.868799 3.000000
1.966590 0.050251 1.107000 37.455700 2.000000
2.567930 0.130653 1.107000 44.338902 3.000000
1.632520 -0.271357 1.107000 43.611500 3.000000
0.942094 -0.311558 1.107000 1.089900 2.000000
-0.015590 0.010050 1.107000 26.296801 3.000000
0.051225 2.000000 1.107000 27.003700 3.000000
7.000000 -0.231156 1.107000 12.540200 2.000000
-0.795100 -0.592965 1.107000 0.000000 0.000000
