1.810690 -0.110553 1.107000 29.452299 2.000000
2.523390 0.050251 1.107000 46.741001 3.000000
1.654790 -0.733668 1.107000 25.119101 2.000000
2.278400 -1.095480 1.107000 45.918499 3.000000
0.942094 -0.311558 1.107000 0.983333 2.000000
-0.015590 0.010050 1.107000 25.421200 3.000000
1.521160 1.597990 1.107000 23.990801 2.000000
3.035630 1.095480 1.107000 34.226200 3.000000
1.565700 -0.331658 1.107000 32.741001 3.000000
0.073497 2.000000 1.107000 27.066099 3.000000
7.000000 -0.251256 1.107000 12.536200 2.000000
-0.795100 -0.592965 1.107000 0.000000 0.000000
