2.011140 0.653266 1.107000 23.667400 2.000000
2.434300 -0.050251 1.107000 49.117401 3.000000
-0.149220 -0.150754 1.107000 14.175500 2.000000
0.051225 -0.412060 1.107000 15.232900 3.000000
1.142540 1.738690 1.107000 25.866501 2.000000
2.835190 1.035180 1.107000 48.703899 3.000000
1.610240 -0.311558 1.107000 16.822300 2.000000
1.454340 -0.432161 1.107000 17.551001 3.000000
0.006682 0.030151 1.107000 20.156099 3.000000
0.942094 -0.311558 1.107000 0.673819 2.000000
2.612470 -0.673367 1.107000 16.651600 2.000000
2.077950 -1.216080 1.107000 34.227402 3.000000
0.118040 2.000000 1.107000 27.198400 3.000000
-0.795100 0.613065 1.107000 0.000000 0.000000
