2.033410 0.653266 1.107000 22.581600 2.000000
2.434300 -0.030151 1.107000 49.001099 3.000000
-0.149220 -0.150754 1.107000 14.667900 2.000000
0.051225 -0.412060 1.107000 15.642600 3.000000
1.187080 1.738690 1.107000 25.749001 2.000000
2.857460 1.035180 1.107000 47.599701 3.000000
1.632520 -0.291457 1.107000 17.909800 2.000000
1.454340 -0.432161 1.107000 18.785000 3.000000
0.006682 0.030151 1.107000 20.574600 3.000000
0.942094 -0.311558 1.107000 0.706610 2.000000
0.118040 2.000000 1.107000 27.185200 3.000000
2.657020 -0.653266 1.107000 17.193501 2.000000
2.122490 -1.195980 1.107000 35.118099 3.000000
-0.795100 -0.592965 1.107000 0.000000 0.000000
