1.699330 -0.713568 1.107000 28.125500 2.000000
2.322940 -1.075380 1.107000 48.992699 3.000000
1.877510 -0.050251 1.107000 32.329102 2.000000
2.545660 0.070352 1.107000 45.946602 3.000000
0.942094 -0.311558 1.107000 1.030850 2.000000
-0.015590 0.010050 1.107000 26.028099 3.000000
1.587970 -0.311558 1.107000 36.497398 3.000000
1.632520 1.577890 1.107000 23.236300 2.000000
3.080180 1.135680 1.107000 30.382999 3.000000
7.000000 -0.251256 1.107000 12.536000 2.000000
0.073497 2.000000 1.107000 27.042000 3.000000
-0.795100 -0.592965 1.107000 0.000000 0.000000
