1.677060 0.251256 1.107000 21.698999 2.000000
2.478840 0.030151 1.107000 48.434502 3.000000
1.298440 -1.678390 1.107000 25.301901 2.000000
2.902000 -1.035180 1.107000 43.564098 3.000000
-0.149220 0.190955 1.107000 16.130501 2.000000
0.051225 0.412060 1.107000 16.873301 3.000000
2.723830 0.633166 1.107000 19.167101 2.000000
2.167040 1.175880 1.107000 38.396702 3.000000
1.498890 0.432161 1.107000 23.171900 3.000000
0.006682 -0.010050 1.107000 23.423599 3.000000
0.964365 0.271357 1.107000 0.576585 2.000000
0.095768 -2.000000 1.107000 27.146200 3.000000
2.055680 -0.633166 1.107000 18.764000 2.000000
-0.795100 -0.592965 1.107000 0.000000 0.000000
