1.966590 0.653266 1.107000 27.900801 2.000000
2.790650 1.015080 1.107000 52.839500 3.000000
2.389760 -0.070352 1.107000 49.486000 3.000000
-0.171492 -0.130653 1.107000 11.934200 2.000000
0.028953 -0.412060 1.107000 13.299400 3.000000
0.006682 0.030151 1.107000 18.173500 3.000000
0.853007 -0.552764 1.107000 0.538772 2.000000
2.545660 -0.713568 1.107000 14.536200 2.000000
1.988860 -1.276380 1.107000 30.881701 3.000000
1.075720 1.778890 1.107000 26.274900 2.000000
0.140312 2.000000 1.107000 27.256701 3.000000
-0.795100 -0.592965 1.107000 0.000000 0.000000
