1.944320 -0.010050 1.107000 36.258701 2.000000
2.567930 -0.090452 1.107000 44.722801 3.000000
1.743880 0.733668 1.107000 32.513401 2.000000
2.389760 1.055280 1.107000 53.566002 3.000000
1.899780 -1.477390 1.107000 21.617399 2.000000
3.146990 -1.175880 1.107000 24.693800 3.000000
1.632520 0.311558 1.107000 41.884899 3.000000
0.964365 0.271357 1.107000 0.790384 2.000000
-0.015590 0.010050 1.107000 26.119801 3.000000
0.051225 -2.000000 1.107000 27.024000 3.000000
7.000000 0.251256 1.107000 12.538400 2.000000
-0.795100 0.613065 1.107000 0.000000 0.000000
