1.677060 -0.733668 1.107000 26.113001 2.000000
2.300670 -1.075380 1.107000 46.938000 3.000000
1.832960 -0.090452 1.107000 30.422600 2.000000
2.545660 0.050251 1.107000 46.480099 3.000000
1.565700 -0.331658 1.107000 34.004200 3.000000
0.942094 -0.311558 1.107000 1.000520 2.000000
-0.015590 0.010050 1.107000 25.660500 3.000000
1.565700 1.597990 1.107000 23.759701 2.000000
3.035630 1.115580 1.107000 32.950500 3.000000
0.073497 2.000000 1.107000 27.057100 3.000000
7.000000 -0.251256 1.107000 12.536000 2.000000
-0.795100 0.613065 1.107000 0.000000 0.000000
