1.944320 0.653266 1.107000 32.771999 2.000000
2.723830 1.015080 1.107000 57.311798 3.000000
2.345210 -0.090452 1.107000 49.567501 3.000000
-0.193764 -0.110553 1.107000 8.510490 2.000000
0.006682 -0.432161 1.107000 10.275500 3.000000
0.006682 0.030151 1.107000 15.065200 3.000000
0.853007 -0.552764 1.107000 0.384185 2.000000
1.253900 -1.658290 1.107000 26.773899 2.000000
0.184855 -1.979900 1.107000 27.709101 3.000000
1.810690 -1.376880 1.107000 27.408300 3.000000
7.000000 -0.271357 1.107000 12.554600 2.000000
0.964365 1.819100 1.107000 26.699600 2.000000
0.162584 2.000000 1.107000 27.339199 3.000000
-0.795100 -0.592965 1.107000 0.000000 0.000000
