0.942094 -0.311558 1.107000 1.055810 2.000000
-0.015590 0.010050 1.107000 26.252501 3.000000
1.877510 -0.010050 1.107000 34.119202 2.000000
2.567930 0.090452 1.107000 45.395199 3.000000
1.699330 -0.713568 1.107000 30.102100 2.000000
2.345210 -1.055280 1.107000 51.042999 3.000000
1.610240 -0.311558 1.107000 38.930801 3.000000
1.743880 1.537690 1.107000 22.611000 2.000000
3.124720 1.155780 1.107000 27.829599 3.000000
7.000000 -0.251256 1.107000 12.536600 2.000000
0.073497 2.000000 1.107000 27.027901 3.000000
-0.795100 0.613065 1.107000 0.000000 0.000000
