1.743880 -0.150754 1.107000 25.390699 2.000000
2.501110 0.010050 1.107000 47.715599 3.000000
2.790650 -0.572864 1.107000 21.168200 2.000000
2.211580 -1.135680 1.107000 41.846802 3.000000
-0.126949 -0.190955 1.107000 17.240801 2.000000
0.051225 -0.391960 1.107000 17.764299 3.000000
-0.015590 0.010050 1.107000 24.082899 3.000000
0.942094 -0.311558 1.107000 0.901103 2.000000
1.365260 1.658290 1.107000 24.765400 2.000000
2.968820 1.075380 1.107000 39.294102 3.000000
1.521160 -0.371859 1.107000 27.641701 3.000000
0.095768 2.000000 1.107000 27.103399 3.000000
2.167040 0.673367 1.107000 15.005800 2.000000
-0.795100 0.613065 1.107000 0.000000 0.000000
