1.721600 0.733668 1.107000 29.590599 2.000000
2.345210 1.075380 1.107000 50.533901 3.000000
0.964365 0.271357 1.107000 0.765571 2.000000
-0.015590 0.010050 1.107000 25.971399 3.000000
1.877510 0.050251 1.107000 33.705299 2.000000
2.545660 -0.070352 1.107000 45.530102 3.000000
1.610240 0.331658 1.107000 38.321800 3.000000
1.699330 -1.517590 1.107000 22.773199 2.000000
3.102450 -1.135680 1.107000 28.463499 3.000000
7.000000 0.271357 1.107000 12.536400 2.000000
0.051225 -2.000000 1.107000 27.041500 3.000000
-0.995546 0.010050 1.107000 0.000000 0.000000
