1.788420 0.130653 1.107000 27.962601 2.000000
2.523390 -0.010050 1.107000 47.124298 3.000000
0.964365 0.271357 1.107000 0.688982 2.000000
-0.015590 0.010050 1.107000 24.722200 3.000000
1.654790 0.753769 1.107000 23.597300 2.000000
2.256120 1.135680 1.107000 44.376099 3.000000
1.454340 -1.597990 1.107000 24.301600 2.000000
2.991090 -1.075380 1.107000 36.146702 3.000000
1.543430 0.371859 1.107000 30.837400 3.000000
0.073497 -2.000000 1.107000 27.087299 3.000000
7.000000 0.271357 1.107000 12.536700 2.000000
-0.995546 0.010050 1.107000 0.000000 0.000000
