1.699330 -0.733668 1.107000 27.124901 2.000000
2.300670 -1.075380 1.107000 47.970200 3.000000
1.855230 -0.070352 1.107000 31.382099 2.000000
2.545660 0.070352 1.107000 46.202999 3.000000
0.942094 -0.311558 1.107000 1.016360 2.000000
-0.015590 0.010050 1.107000 25.862600 3.000000
1.587970 -0.331658 1.107000 35.249001 3.000000
1.587970 1.577890 1.107000 23.508499 2.000000
3.080180 1.115580 1.107000 31.662600 3.000000
7.000000 -0.251256 1.107000 12.535900 2.000000
0.073497 2.000000 1.107000 27.049801 3.000000
-0.795100 -0.592965 1.107000 0.000000 0.000000
