1.899780 0.653266 1.107000 40.209900 2.000000
2.634740 0.974874 1.107000 63.542599 3.000000
1.877510 0.150754 1.107000 49.357800 3.000000
0.340757 -0.432161 1.107000 1.449310 2.000000
-0.060134 -0.512563 1.107000 2.689480 3.000000
-0.015590 0.311558 1.107000 5.662740 2.000000
0.585746 0.412060 1.107000 6.958940 3.000000
0.006682 -0.010050 1.107000 10.163600 3.000000
7.000000 -0.271357 1.107000 12.564200 2.000000
0.118040 -1.979900 1.107000 27.398701 3.000000
0.964365 0.271357 1.107000 0.478239 2.000000
-0.795100 0.613065 1.107000 0.000000 0.000000
