1.922050 0.653266 1.107000 36.921902 2.000000
2.679290 0.994975 1.107000 60.920601 3.000000
2.278400 -0.110553 1.107000 49.192001 3.000000
7.000000 -0.271357 1.107000 12.559600 2.000000
0.140312 -1.979900 1.107000 27.568199 3.000000
0.095768 0.472362 1.107000 3.127060 2.000000
0.630290 0.452261 1.107000 3.973150 3.000000
0.429844 -0.311558 1.107000 4.772380 2.000000
0.006682 -0.472362 1.107000 6.661770 3.000000
0.006682 0.030151 1.107000 11.527700 3.000000
0.964365 0.271357 1.107000 0.320393 2.000000
-0.795100 0.613065 1.107000 0.000000 0.000000
