2.033410 -0.633166 1.107000 23.127899 2.000000
2.434300 0.050251 1.107000 49.062901 3.000000
1.187080 -1.718590 1.107000 25.807100 2.000000
2.857460 -1.015080 1.107000 48.154202 3.000000
-0.149220 0.170854 1.107000 14.425600 2.000000
0.051225 0.432161 1.107000 15.441500 3.000000
1.610240 0.311558 1.107000 17.369600 2.000000
1.454340 0.452261 1.107000 18.168200 3.000000
0.006682 -0.010050 1.107000 21.868099 3.000000
0.875278 0.492462 1.107000 0.483853 2.000000
2.657020 0.673367 1.107000 16.933599 2.000000
2.100220 1.236180 1.107000 34.670799 3.000000
0.095768 -2.000000 1.107000 27.193100 3.000000
-0.995546 0.010050 1.107000 0.000000 0.000000
