1.743880 0.713568 1.107000 31.545300 2.000000
2.367480 1.055280 1.107000 52.560699 3.000000
1.922050 0.010050 1.107000 35.429401 2.000000
2.567930 -0.090452 1.107000 44.982899 3.000000
1.855230 -1.497490 1.107000 22.047701 2.000000
3.146990 -1.155780 1.107000 25.938601 3.000000
1.610240 0.311558 1.107000 40.725700 3.000000
0.051225 -2.000000 1.107000 27.029499 3.000000
0.964365 0.271357 1.107000 0.783099 2.000000
-0.015590 0.010050 1.107000 26.103600 3.000000
7.000000 0.251256 1.107000 12.537600 2.000000
-0.995546 0.010050 1.107000 0.000000 0.000000
