1.721600 0.211055 1.107000 23.826000 2.000000
2.478840 0.010050 1.107000 48.034302 3.000000
-0.126949 0.190955 1.107000 16.806900 2.000000
0.051225 0.412060 1.107000 17.424900 3.000000
1.342980 -1.638190 1.107000 25.007900 2.000000
2.924280 -1.055280 1.107000 41.144100 3.000000
0.006682 -0.010050 1.107000 23.990801 3.000000
0.964365 0.271357 1.107000 0.617949 2.000000
2.768370 0.613065 1.107000 20.317600 2.000000
2.211580 1.155780 1.107000 40.352501 3.000000
0.095768 -2.000000 1.107000 27.125200 3.000000
2.122490 -0.633166 1.107000 16.616301 2.000000
1.521160 0.412060 1.107000 25.719900 3.000000
-0.995546 0.010050 1.107000 0.000000 0.000000
