1.966590 -0.633166 1.107000 33.224998 2.000000
2.723830 -0.974874 1.107000 57.713600 3.000000
2.345210 0.110553 1.107000 49.545200 3.000000
-0.193764 0.110553 1.107000 8.137370 2.000000
0.006682 0.452261 1.107000 9.937180 3.000000
0.006682 -0.010050 1.107000 15.590200 3.000000
0.853007 -0.552764 1.107000 0.297210 2.000000
7.000000 0.291457 1.107000 12.555100 2.000000
0.162584 2.000000 1.107000 27.696301 3.000000
0.964365 -1.799000 1.107000 26.736601 2.000000
0.162584 -1.979900 1.107000 27.348101 3.000000
-0.995546 0.010050 1.107000 0.000000 0.000000
