1.944320 0.653266 1.107000 31.845400 2.000000
2.746100 1.015080 1.107000 56.487801 3.000000
2.367480 -0.090452 1.107000 49.580502 3.000000
-0.193764 -0.110553 1.107000 9.245290 2.000000
0.028953 -0.432161 1.107000 10.933700 3.000000
0.006682 0.030151 1.107000 15.734900 3.000000
0.853007 -0.552764 1.107000 0.416871 2.000000
1.164810 -1.698490 1.107000 26.941999 2.000000
1.855230 -1.356780 1.107000 28.020100 3.000000
0.184855 -1.979900 1.107000 27.733999 3.000000
2.434300 -0.753769 1.107000 12.683900 2.000000
1.008910 1.799000 1.107000 26.624300 2.000000
0.162584 2.000000 1.107000 27.322100 3.000000
-0.795100 0.613065 1.107000 0.000000 0.000000
