1.699330 0.733668 1.107000 27.616199 2.000000
2.322940 1.095480 1.107000 48.482201 3.000000
0.964365 0.271357 1.107000 0.744057 2.000000
-0.015590 0.010050 1.107000 25.700899 3.000000
1.855230 0.070352 1.107000 31.860600 2.000000
2.545660 -0.050251 1.107000 46.079899 3.000000
1.587970 0.331658 1.107000 35.874100 3.000000
1.632520 -1.557790 1.107000 23.375999 2.000000
3.057910 -1.115580 1.107000 31.021299 3.000000
7.000000 0.271357 1.107000 12.536000 2.000000
0.073497 -2.000000 1.107000 27.055599 3.000000
-0.594655 -0.793970 1.107000 0.000000 0.000000
