1.899780 0.653266 1.107000 41.252201 2.000000
2.612470 0.974874 1.107000 64.313202 3.000000
0.207127 -0.512563 1.107000 0.337343 2.000000
-0.104677 -0.532663 1.107000 1.108790 3.000000
1.810690 0.190955 1.107000 50.573101 3.000000
-0.060134 0.271357 1.107000 7.141580 2.000000
0.585746 0.391960 1.107000 8.370850 3.000000
0.006682 -0.010050 1.107000 12.121200 3.000000
7.000000 -0.271357 1.107000 12.565800 2.000000
0.095768 -1.979900 1.107000 27.323601 3.000000
0.964365 0.271357 1.107000 0.541313 2.000000
-0.795100 -0.592965 1.107000 0.000000 0.000000
