1.899780 0.653266 1.107000 39.628399 2.000000
2.657020 0.974874 1.107000 63.092300 3.000000
0.363029 -0.412060 1.107000 2.072600 2.000000
-0.060134 -0.492462 1.107000 3.491940 3.000000
1.922050 0.110553 1.107000 48.812302 3.000000
0.006682 0.331658 1.107000 5.036310 2.000000
0.608018 0.412060 1.107000 6.296690 3.000000
0.095768 -0.010050 1.107000 9.621550 3.000000
7.000000 -0.271357 1.107000 12.563300 2.000000
0.118040 -1.979900 1.107000 27.434900 3.000000
0.964365 0.271357 1.107000 0.446602 2.000000
-0.995546 0.010050 1.107000 0.000000 0.000000
