1.877510 -0.633166 1.107000 40.496101 2.000000
2.634740 -0.954774 1.107000 63.751701 3.000000
0.340757 0.472362 1.107000 1.150190 2.000000
-0.082405 0.532663 1.107000 2.288510 3.000000
1.855230 -0.150754 1.107000 49.660400 3.000000
-0.037862 -0.271357 1.107000 6.002950 2.000000
0.585746 -0.391960 1.107000 7.300330 3.000000
0.006682 0.030151 1.107000 10.434600 3.000000
7.000000 0.271357 1.107000 12.564600 2.000000
0.118040 2.000000 1.107000 27.380100 3.000000
0.942094 -0.311558 1.107000 0.681491 2.000000
-0.795100 -0.592965 1.107000 0.000000 0.000000
