1.142540 -1.738690 1.107000 26.023001 2.000000
2.812920 -1.015080 1.107000 50.306000 3.000000
-0.171492 0.150754 1.107000 13.391500 2.000000
0.051225 0.432161 1.107000 14.560900 3.000000
2.011140 -0.633166 1.107000 25.292200 2.000000
2.412030 0.070352 1.107000 49.297600 3.000000
1.565700 0.371859 1.107000 15.205100 2.000000
1.432070 0.472362 1.107000 15.742000 3.000000
0.006682 -0.010050 1.107000 20.878000 3.000000
0.875278 0.492462 1.107000 0.444728 2.000000
2.590200 0.713568 1.107000 15.854500 2.000000
2.055680 1.256280 1.107000 32.927101 3.000000
0.118040 -2.000000 1.107000 27.219900 3.000000
-0.995546 0.010050 1.107000 0.000000 0.000000
