1.988860 -0.633166 1.107000 27.401300 2.000000
2.790650 -0.994975 1.107000 52.342602 3.000000
-0.171492 0.150754 1.107000 12.241300 2.000000
0.028953 0.432161 1.107000 13.566300 3.000000
2.412030 0.090452 1.107000 49.450199 3.000000
0.006682 -0.010050 1.107000 19.748400 3.000000
0.875278 0.492462 1.107000 0.402571 2.000000
2.545660 0.733668 1.107000 14.798400 2.000000
2.011140 1.276380 1.107000 31.272900 3.000000
1.075720 -1.738690 1.107000 26.225800 2.000000
0.140312 -1.979900 1.107000 27.249201 3.000000
-0.995546 0.010050 1.107000 0.000000 0.000000
