1.988860 -0.633166 1.107000 29.442101 2.000000
2.768370 -0.994975 1.107000 54.273499 3.000000
-0.193764 0.130653 1.107000 10.962400 2.000000
0.051225 0.452261 1.107000 12.458800 3.000000
2.367480 0.090452 1.107000 49.558201 3.000000
0.006682 -0.010050 1.107000 18.483801 3.000000
0.875278 0.492462 1.107000 0.357518 2.000000
2.501110 0.753769 1.107000 13.805700 2.000000
1.944320 1.316580 1.107000 29.741600 3.000000
1.031180 -1.778890 1.107000 26.409901 2.000000
0.140312 -1.979900 1.107000 27.280399 3.000000
-0.795100 -0.592965 1.107000 0.000000 0.000000
