0.964365 0.271357 1.107000 0.718528 2.000000
-0.015590 0.010050 1.107000 25.286100 3.000000
1.832960 0.110553 1.107000 29.952600 2.000000
2.523390 -0.030151 1.107000 46.611500 3.000000
1.677060 0.753769 1.107000 25.609200 2.000000
2.278400 1.115580 1.107000 46.426201 3.000000
1.521160 -1.597990 1.107000 23.874399 2.000000
3.035630 -1.095480 1.107000 33.589199 3.000000
1.565700 0.351759 1.107000 33.375801 3.000000
0.073497 -2.000000 1.107000 27.070601 3.000000
7.000000 0.271357 1.107000 12.536100 2.000000
-0.995546 0.010050 1.107000 0.000000 0.000000
