1.988860 -1.457290 1.107000 21.130899 2.000000
3.169270 -1.195980 1.107000 23.468599 3.000000
1.766150 0.713568 1.107000 33.448200 2.000000
2.389760 1.055280 1.107000 54.557499 3.000000
1.966590 -0.030151 1.107000 37.062000 2.000000
2.567930 -0.110553 1.107000 44.460098 3.000000
0.964365 0.271357 1.107000 0.796694 2.000000
-0.015590 0.010050 1.107000 26.103901 3.000000
1.632520 0.291457 1.107000 43.044800 3.000000
0.051225 -2.000000 1.107000 27.018200 3.000000
7.000000 0.251256 1.107000 12.539500 2.000000
-0.995546 0.010050 1.107000 0.000000 0.000000
