1.766150 0.170854 1.107000 26.949200 2.000000
2.501110 -0.010050 1.107000 47.362400 3.000000
1.632520 0.773869 1.107000 22.591499 2.000000
2.256120 1.135680 1.107000 43.364498 3.000000
0.964365 0.271357 1.107000 0.672707 2.000000
0.006682 -0.010050 1.107000 24.586399 3.000000
1.409800 -1.638190 1.107000 24.496201 2.000000
2.968820 -1.075380 1.107000 37.408401 3.000000
1.543430 0.371859 1.107000 29.559999 3.000000
0.073497 -2.000000 1.107000 27.096201 3.000000
2.144770 -0.653266 1.107000 13.476100 2.000000
-0.995546 0.010050 1.107000 0.000000 0.000000
