1.922050 -0.633166 1.107000 36.543598 2.000000
2.679290 -0.974874 1.107000 60.603001 3.000000
2.278400 0.130653 1.107000 49.244701 3.000000
0.095768 -0.452261 1.107000 2.934730 2.000000
0.630290 -0.432161 1.107000 3.714590 3.000000
0.429844 0.331658 1.107000 5.110370 2.000000
0.006682 0.492462 1.107000 7.042820 3.000000
0.006682 -0.010050 1.107000 12.361500 3.000000
7.000000 0.291457 1.107000 12.559200 2.000000
0.140312 2.000000 1.107000 27.583799 3.000000
0.942094 -0.311558 1.107000 0.436415 2.000000
-0.795100 -0.592965 1.107000 0.000000 0.000000
