2.033410 0.653266 1.107000 21.485100 2.000000
2.456570 -0.030151 1.107000 48.857201 3.000000
-0.149220 -0.150754 1.107000 15.128500 2.000000
0.028953 -0.391960 1.107000 16.026699 3.000000
1.209350 1.718590 1.107000 25.632000 2.000000
2.879730 1.035180 1.107000 46.466400 3.000000
1.632520 -0.271357 1.107000 18.997900 2.000000
1.476610 -0.432161 1.107000 20.021299 3.000000
-0.015590 0.030151 1.107000 20.414200 2.000000
-0.015590 0.010050 1.107000 20.910500 3.000000
0.006682 0.030151 1.107000 20.961599 3.000000
0.942094 -0.311558 1.107000 0.738192 2.000000
2.679290 -0.633166 1.107000 17.776400 2.000000
2.122490 -1.195980 1.107000 36.038799 3.000000
0.118040 2.000000 1.107000 27.172100 3.000000
-0.795100 -0.592965 1.107000 0.000000 0.000000
