1.899780 -0.633166 1.107000 39.322701 2.000000
2.657020 -0.954774 1.107000 62.853802 3.000000
0.385301 0.412060 1.107000 2.400750 2.000000
-0.037862 0.512563 1.107000 3.895700 3.000000
2.167040 0.110553 1.107000 48.730801 3.000000
0.006682 -0.331658 1.107000 4.757930 2.000000
0.585746 -0.412060 1.107000 5.976210 3.000000
0.095768 0.010050 1.107000 9.683040 3.000000
7.000000 0.291457 1.107000 12.562900 2.000000
0.118040 2.000000 1.107000 27.452700 3.000000
0.942094 -0.311558 1.107000 0.599616 2.000000
-0.795100 0.613065 1.107000 0.000000 0.000000
