1.788420 0.130653 1.107000 28.976801 2.000000
2.523390 -0.030151 1.107000 46.859901 3.000000
0.964365 0.271357 1.107000 0.704256 2.000000
-0.015590 0.010050 1.107000 25.023001 3.000000
1.654790 0.773869 1.107000 24.609699 2.000000
2.278400 1.115580 1.107000 45.406700 3.000000
1.521160 -1.597990 1.107000 24.098900 2.000000
3.013360 -1.075380 1.107000 34.869202 3.000000
1.565700 0.371859 1.107000 32.105301 3.000000
0.073497 -2.000000 1.107000 27.078899 3.000000
7.000000 0.271357 1.107000 12.536400 2.000000
-0.995546 0.010050 1.107000 0.000000 0.000000
