0.964365 0.271357 1.107000 0.731795 2.000000
-0.015590 0.010050 1.107000 25.511801 3.000000
1.677060 0.753769 1.107000 26.611601 2.000000
2.300670 1.095480 1.107000 47.456299 3.000000
1.832960 0.110553 1.107000 30.911699 2.000000
2.545660 -0.030151 1.107000 46.342701 3.000000
1.565700 0.351759 1.107000 34.625801 3.000000
1.587970 -1.577890 1.107000 23.631300 2.000000
3.057910 -1.095480 1.107000 32.308399 3.000000
0.073497 -2.000000 1.107000 27.063000 3.000000
7.000000 0.271357 1.107000 12.536000 2.000000
-0.995546 0.010050 1.107000 0.000000 0.000000
