1.721600 0.733668 1.107000 30.578300 2.000000
2.345210 1.075380 1.107000 51.546398 3.000000
0.964365 0.271357 1.107000 0.774830 2.000000
-0.015590 0.010050 1.107000 26.054399 3.000000
1.899780 0.030151 1.107000 34.577202 2.000000
2.567930 -0.070352 1.107000 45.260101 3.000000
1.610240 0.311558 1.107000 39.537601 3.000000
1.788420 -1.517590 1.107000 22.429300 2.000000
3.124720 -1.135680 1.107000 27.194700 3.000000
0.051225 -2.000000 1.107000 27.035700 3.000000
7.000000 0.271357 1.107000 12.536900 2.000000
-0.795100 0.613065 1.107000 0.000000 0.000000
