1.877510 -0.633166 1.107000 41.025002 2.000000
2.634740 -0.954774 1.107000 64.133797 3.000000
0.229399 0.512563 1.107000 0.591885 2.000000
-0.082405 0.552764 1.107000 1.497560 3.000000
1.832960 -0.170854 1.107000 50.270500 3.000000
-0.037862 -0.251256 1.107000 6.740490 2.000000
0.585746 -0.371859 1.107000 8.007930 3.000000
0.006682 0.030151 1.107000 11.306300 3.000000
0.942094 -0.311558 1.107000 0.722303 2.000000
7.000000 0.291457 1.107000 12.565400 2.000000
0.095768 2.000000 1.107000 27.342400 3.000000
-0.795100 -0.592965 1.107000 0.000000 0.000000
