1.899780 -0.633166 1.107000 38.681702 2.000000
2.657020 -0.974874 1.107000 62.350700 3.000000
2.233850 0.130653 1.107000 48.857498 3.000000
0.385301 0.391960 1.107000 3.063230 2.000000
-0.015590 0.512563 1.107000 4.695760 3.000000
0.028953 -0.371859 1.107000 4.234740 2.000000
0.608018 -0.412060 1.107000 5.365290 3.000000
0.006682 -0.010050 1.107000 9.981010 3.000000
7.000000 0.291457 1.107000 12.562000 2.000000
0.118040 2.000000 1.107000 27.486601 3.000000
0.942094 -0.311558 1.107000 0.558665 2.000000
-0.795100 0.613065 1.107000 0.000000 0.000000
