1.966590 0.633166 1.107000 29.930201 2.000000
2.768370 1.015080 1.107000 54.734402 3.000000
-0.193764 -0.110553 1.107000 10.633400 2.000000
0.028953 -0.432161 1.107000 12.166500 3.000000
2.367480 -0.070352 1.107000 49.574699 3.000000
0.006682 0.030151 1.107000 17.006300 3.000000
0.853007 -0.552764 1.107000 0.479648 2.000000
1.075720 -1.738690 1.107000 27.212200 2.000000
1.922050 -1.316580 1.107000 29.376499 3.000000
0.229399 -1.959800 1.107000 27.782801 3.000000
2.501110 -0.733668 1.107000 13.570600 2.000000
1.031180 1.778890 1.107000 26.457001 2.000000
0.162584 2.000000 1.107000 27.288401 3.000000
-0.795100 -0.592965 1.107000 0.000000 0.000000
