2.055680 -0.633166 1.107000 20.937000 2.000000
2.456570 0.050251 1.107000 48.776798 3.000000
-0.149220 0.170854 1.107000 15.347000 2.000000
0.028953 0.412060 1.107000 16.209299 3.000000
1.253900 -1.698490 1.107000 25.564899 2.000000
2.857460 -1.035180 1.107000 45.896500 3.000000
1.654790 0.271357 1.107000 19.548901 2.000000
1.476610 0.432161 1.107000 20.649401 3.000000
0.006682 -0.010050 1.107000 22.716499 3.000000
0.964365 0.271357 1.107000 0.531451 2.000000
2.679290 0.653266 1.107000 18.032499 2.000000
2.122490 1.216080 1.107000 36.496899 3.000000
0.095768 -2.000000 1.107000 27.169201 3.000000
-0.995546 0.010050 1.107000 0.000000 0.000000
