1.253900 1.698490 1.107000 25.372101 2.000000
2.902000 1.055280 1.107000 44.156101 3.000000
1.654790 -0.231156 1.107000 21.146299 2.000000
2.456570 -0.010050 1.107000 48.522800 3.000000
-0.149220 -0.170854 1.107000 15.948100 2.000000
0.051225 -0.391960 1.107000 16.717400 3.000000
-0.015590 0.010050 1.107000 22.122400 3.000000
0.942094 -0.311558 1.107000 0.797635 2.000000
2.723830 -0.613065 1.107000 18.888901 2.000000
2.167040 -1.175880 1.107000 37.917099 3.000000
0.095768 2.000000 1.107000 27.147301 3.000000
2.055680 0.653266 1.107000 19.304100 2.000000
1.498890 -0.412060 1.107000 22.535400 3.000000
-0.795100 -0.592965 1.107000 0.000000 0.000000
