1.877510 -0.633166 1.107000 39.926399 2.000000
2.634740 -0.954774 1.107000 63.321201 3.000000
1.877510 -0.130653 1.107000 49.075401 3.000000
0.340757 0.452261 1.107000 1.760680 2.000000
-0.037862 0.532663 1.107000 3.088510 3.000000
7.000000 0.291457 1.107000 12.563800 2.000000
0.118040 2.000000 1.107000 27.416700 3.000000
-0.015590 -0.311558 1.107000 5.345490 2.000000
0.585746 -0.391960 1.107000 6.619470 3.000000
0.073497 0.030151 1.107000 9.588280 3.000000
0.942094 -0.311558 1.107000 0.640577 2.000000
-0.795100 -0.592965 1.107000 0.000000 0.000000
