1.766150 -0.150754 1.107000 26.434000 2.000000
2.501110 0.030151 1.107000 47.475300 3.000000
0.942094 -0.311558 1.107000 0.923674 2.000000
-0.015590 0.010050 1.107000 24.475500 3.000000
1.632520 -0.733668 1.107000 22.111099 2.000000
2.233850 -1.115580 1.107000 42.857800 3.000000
1.409800 1.638190 1.107000 24.589701 2.000000
2.991090 1.075380 1.107000 38.037800 3.000000
1.543430 -0.371859 1.107000 28.919300 3.000000
0.095768 2.000000 1.107000 27.093399 3.000000
2.167040 0.673367 1.107000 13.971600 2.000000
-0.795100 0.613065 1.107000 0.000000 0.000000
