1.298440 1.698490 1.107000 25.085501 2.000000
2.924280 1.055280 1.107000 41.749298 3.000000
1.699330 -0.190955 1.107000 23.275801 2.000000
2.478840 0.010050 1.107000 48.128399 3.000000
-0.126949 -0.170854 1.107000 16.646299 2.000000
0.051225 -0.391960 1.107000 17.297701 3.000000
-0.015590 0.010050 1.107000 23.180700 3.000000
0.942094 -0.311558 1.107000 0.851982 2.000000
2.768370 -0.592965 1.107000 20.019199 2.000000
2.189310 -1.155780 1.107000 39.860500 3.000000
0.095768 2.000000 1.107000 27.124599 3.000000
2.100220 0.673367 1.107000 17.141500 2.000000
1.498890 -0.391960 1.107000 25.079500 3.000000
-0.795100 0.613065 1.107000 0.000000 0.000000
