1.922050 0.653266 1.107000 37.650700 2.000000
2.679290 0.994975 1.107000 61.520000 3.000000
0.073497 0.432161 1.107000 3.538160 2.000000
0.608018 0.452261 1.107000 4.502850 3.000000
2.256120 -0.110553 1.107000 49.068100 3.000000
7.000000 -0.271357 1.107000 12.560600 2.000000
0.140312 -1.979900 1.107000 27.536600 3.000000
0.429844 -0.331658 1.107000 4.085890 2.000000
-0.015590 -0.472362 1.107000 5.887220 3.000000
0.006682 0.030151 1.107000 10.828300 3.000000
0.964365 0.271357 1.107000 0.351810 2.000000
-0.795100 0.613065 1.107000 0.000000 0.000000
