1.743880 -0.693467 1.107000 34.874500 2.000000
2.412030 -1.015080 1.107000 56.041000 3.000000
2.144770 1.457290 1.107000 20.290899 2.000000
3.213810 1.236180 1.107000 21.682699 3.000000
1.988860 0.070352 1.107000 38.210300 2.000000
1.632520 -0.271357 1.107000 44.714298 3.000000
2.567930 0.150754 1.107000 44.081600 3.000000
0.942094 -0.311558 1.107000 1.095200 2.000000
-0.015590 0.010050 1.107000 26.228800 3.000000
0.051225 2.000000 1.107000 26.998800 3.000000
7.000000 -0.211055 1.107000 12.541600 2.000000
-0.795100 0.613065 1.107000 0.000000 0.000000
