1.944320 -0.633166 1.107000 35.760300 2.000000
2.701560 -0.974874 1.107000 59.940201 3.000000
2.300670 0.130653 1.107000 49.345001 3.000000
0.140312 -0.492462 1.107000 2.563050 2.000000
0.630290 -0.452261 1.107000 3.234140 3.000000
-0.216036 0.110553 1.107000 5.836660 2.000000
0.006682 0.472362 1.107000 7.798490 3.000000
0.006682 -0.010050 1.107000 13.183100 3.000000
7.000000 0.291457 1.107000 12.558200 2.000000
0.162584 2.000000 1.107000 27.613600 3.000000
0.942094 -0.311558 1.107000 0.396043 2.000000
-0.995546 0.010050 1.107000 0.000000 0.000000
