1.766150 -0.130653 1.107000 27.456400 2.000000
2.523390 0.030151 1.107000 47.244701 3.000000
0.942094 -0.311558 1.107000 0.944906 2.000000
-0.015590 0.010050 1.107000 24.829201 3.000000
1.654790 -0.753769 1.107000 23.123400 2.000000
2.256120 -1.115580 1.107000 43.872101 3.000000
1.454340 1.618090 1.107000 24.404200 2.000000
2.991090 1.095480 1.107000 36.779301 3.000000
0.095768 2.000000 1.107000 27.083700 3.000000
1.543430 -0.351759 1.107000 30.201401 3.000000
2.189310 0.693467 1.107000 12.984400 2.000000
-0.795100 -0.592965 1.107000 0.000000 0.000000
