1.120270 1.758790 1.107000 26.080500 2.000000
2.812920 1.035180 1.107000 50.824600 3.000000
-0.171492 -0.130653 1.107000 13.115800 2.000000
0.051225 -0.412060 1.107000 14.321500 3.000000
1.988860 0.653266 1.107000 25.814899 2.000000
2.412030 -0.050251 1.107000 49.346802 3.000000
0.006682 0.030151 1.107000 19.225500 3.000000
0.942094 -0.311558 1.107000 0.604717 2.000000
2.590200 -0.693467 1.107000 15.567100 2.000000
2.055680 -1.236180 1.107000 32.500999 3.000000
0.140312 2.000000 1.107000 27.226900 3.000000
-0.795100 0.613065 1.107000 0.000000 0.000000
