1.766150 0.713568 1.107000 35.327499 2.000000
2.412030 1.035180 1.107000 56.525299 3.000000
2.011140 -0.070352 1.107000 38.575500 2.000000
1.654790 0.271357 1.107000 45.263000 3.000000
2.189310 -1.437190 1.107000 19.979401 2.000000
3.191540 -1.236180 1.107000 21.099400 3.000000
2.567930 -0.130653 1.107000 43.976601 3.000000
0.051225 -2.000000 1.107000 27.008699 3.000000
0.964365 0.271357 1.107000 0.806429 2.000000
-0.015590 0.010050 1.107000 25.979900 3.000000
7.000000 0.231156 1.107000 12.542400 2.000000
-0.995546 0.010050 1.107000 0.000000 0.000000
