1.142540 1.738690 1.107000 25.975401 2.000000
2.835190 1.035180 1.107000 49.777500 3.000000
2.011140 0.653266 1.107000 24.753901 2.000000
2.434300 -0.050251 1.107000 49.241600 3.000000
2.612470 -0.673367 1.107000 16.107401 2.000000
2.055680 -1.236180 1.107000 33.352200 3.000000
-0.171492 -0.130653 1.107000 13.659300 2.000000
0.051225 -0.412060 1.107000 14.792600 3.000000
1.587970 -0.331658 1.107000 15.738000 2.000000
1.432070 -0.452261 1.107000 16.343201 3.000000
0.006682 0.030151 1.107000 19.706301 3.000000
0.942094 -0.311558 1.107000 0.639845 2.000000
0.118040 2.000000 1.107000 27.212299 3.000000
-0.795100 -0.592965 1.107000 0.000000 0.000000
