1.922050 0.653266 1.107000 38.341900 2.000000
2.657020 0.994975 1.107000 62.085602 3.000000
0.051225 0.391960 1.107000 3.984960 2.000000
0.608018 0.432161 1.107000 5.066350 3.000000
2.233850 -0.110553 1.107000 48.931599 3.000000
0.407572 -0.351759 1.107000 3.407770 2.000000
-0.037862 -0.472362 1.107000 5.093890 3.000000
0.028953 0.030151 1.107000 10.225300 3.000000
7.000000 -0.271357 1.107000 12.561500 2.000000
0.140312 -1.979900 1.107000 27.503700 3.000000
0.964365 0.271357 1.107000 0.383346 2.000000
-0.795100 0.613065 1.107000 0.000000 0.000000
