0.318486 -0.472362 1.107000 0.857664 2.000000
-0.082405 -0.512563 1.107000 1.888500 3.000000
1.899780 0.653266 1.107000 40.751400 2.000000
2.634740 0.974874 1.107000 63.948898 3.000000
1.832960 0.190955 1.107000 49.960300 3.000000
-0.037862 0.291457 1.107000 6.365100 2.000000
0.563474 0.412060 1.107000 7.648170 3.000000
0.006682 -0.010050 1.107000 11.135300 3.000000
7.000000 -0.251256 1.107000 12.565000 2.000000
0.095768 -1.979900 1.107000 27.361500 3.000000
0.964365 0.271357 1.107000 0.509823 2.000000
-0.795100 0.613065 1.107000 0.000000 0.000000
