1.944320 0.653266 1.107000 30.889099 2.000000
2.746100 1.015080 1.107000 55.629002 3.000000
2.367480 -0.090452 1.107000 49.576000 3.000000
1.120270 -1.718590 1.107000 27.086599 2.000000
1.899780 -1.336680 1.107000 28.676100 3.000000
-0.193764 -0.110553 1.107000 9.953480 2.000000
0.028953 -0.432161 1.107000 11.565600 3.000000
0.006682 0.030151 1.107000 16.382799 3.000000
0.853007 -0.552764 1.107000 0.448702 2.000000
0.229399 -1.959800 1.107000 27.758600 3.000000
2.456570 -0.753769 1.107000 13.121500 2.000000
1.008910 1.799000 1.107000 26.542400 2.000000
0.162584 2.000000 1.107000 27.305201 3.000000
-0.795100 -0.592965 1.107000 0.000000 0.000000
