1.699330 0.753769 1.107000 28.605801 2.000000
2.322940 1.075380 1.107000 49.499901 3.000000
1.877510 0.050251 1.107000 32.794601 2.000000
2.545660 -0.050251 1.107000 45.803398 3.000000
0.964365 0.271357 1.107000 0.755314 2.000000
-0.015590 0.010050 1.107000 25.853800 3.000000
1.587970 0.331658 1.107000 37.113300 3.000000
1.632520 -1.537690 1.107000 23.088600 2.000000
3.102450 -1.115580 1.107000 29.741800 3.000000
0.073497 -2.000000 1.107000 27.048401 3.000000
7.000000 0.271357 1.107000 12.536100 2.000000
-0.995546 0.010050 1.107000 0.000000 0.000000
