2.033410 -0.633166 1.107000 22.033800 2.000000
2.434300 0.050251 1.107000 48.927700 3.000000
-0.149220 0.170854 1.107000 14.902200 2.000000
0.028953 0.412060 1.107000 15.836600 3.000000
1.187080 -1.698490 1.107000 25.688801 2.000000
2.857460 -1.015080 1.107000 47.035500 3.000000
1.632520 0.291457 1.107000 18.458000 2.000000
1.454340 0.452261 1.107000 19.400700 3.000000
0.006682 -0.010050 1.107000 22.309999 3.000000
0.964365 0.271357 1.107000 0.507509 2.000000
2.657020 0.673367 1.107000 17.476999 2.000000
2.122490 1.216080 1.107000 35.579201 3.000000
0.095768 -2.000000 1.107000 27.180901 3.000000
-0.594655 -0.793970 1.107000 0.000000 0.000000
