1.699330 0.231156 1.107000 22.764000 2.000000
2.478840 0.030151 1.107000 48.240101 3.000000
-0.126949 0.190955 1.107000 16.478100 2.000000
0.051225 0.412060 1.107000 17.163401 3.000000
1.298440 -1.678390 1.107000 25.157101 2.000000
2.924280 -1.035180 1.107000 42.360901 3.000000
0.006682 -0.010050 1.107000 23.724501 3.000000
0.964365 0.271357 1.107000 0.597745 2.000000
2.746100 0.613065 1.107000 19.746000 2.000000
2.189310 1.175880 1.107000 39.373501 3.000000
0.095768 -2.000000 1.107000 27.135201 3.000000
1.498890 0.412060 1.107000 24.446100 3.000000
2.077950 -0.633166 1.107000 17.696699 2.000000
-0.795100 0.613065 1.107000 0.000000 0.000000
