-3.000000000000000000e+00
-2.977728285077999804e+00
-2.955456570156000051e+00
-2.933184855233999855e+00
-2.910913140312000102e+00
-2.888641425389999906e+00
-2.866369710468000154e+00
-2.844097995545999957e+00
-2.821826280624000205e+00
-2.799554565702000009e+00
-2.777282850779999812e+00
-2.755011135858000060e+00
-2.732739420935999863e+00
-2.710467706014000111e+00
-2.688195991091999915e+00
-2.665924276170000162e+00
-2.643652561247999966e+00
-2.621380846326000214e+00
-2.599109131404000017e+00
-2.576837416482000265e+00
-2.554565701560000068e+00
-2.532293986637999872e+00
-2.510022271716000120e+00
-2.487750556793999923e+00
-2.465478841872000171e+00
-2.443207126949999974e+00
-2.420935412028000222e+00
-2.398663697106000026e+00
-2.376391982183999829e+00
-2.354120267262000077e+00
-2.331848552339999880e+00
-2.309576837418000128e+00
-2.287305122495999932e+00
-2.265033407574000179e+00
-2.242761692651999983e+00
-2.220489977729999787e+00
-2.198218262808000034e+00
-2.175946547886000282e+00
-2.153674832964000085e+00
-2.131403118041999889e+00
-2.109131403120000137e+00
-2.086859688197999940e+00
-2.064587973276000188e+00
-2.042316258353999991e+00
-2.020044543432000239e+00
-1.997772828510000043e+00
-1.975501113588000068e+00
-1.953229398666000094e+00
-1.930957683744000120e+00
-1.908685968822000145e+00
-1.886414253900000171e+00
-1.864142538977999974e+00
-1.841870824056000000e+00
-1.819599109134000026e+00
-1.797327394212000051e+00
-1.775055679290000077e+00
-1.752783964368000102e+00
-1.730512249446000128e+00
-1.708240534524000154e+00
-1.685968819602000179e+00
-1.663697104679999983e+00
-1.641425389758000009e+00
-1.619153674836000034e+00
-1.596881959914000060e+00
-1.574610244992000085e+00
-1.552338530070000111e+00
-1.530066815148000137e+00
-1.507795100226000162e+00
-1.485523385304000188e+00
-1.463251670381999991e+00
-1.440979955460000017e+00
-1.418708240538000043e+00
-1.396436525616000068e+00
-1.374164810694000094e+00
-1.351893095772000120e+00
-1.329621380850000145e+00
-1.307349665928000171e+00
-1.285077951006000196e+00
-1.262806236084000000e+00
-1.240534521162000026e+00
-1.218262806240000051e+00
-1.195991091318000077e+00
-1.173719376396000103e+00
-1.151447661474000128e+00
-1.129175946552000154e+00
-1.106904231630000179e+00
-1.084632516708000205e+00
-1.062360801786000009e+00
-1.040089086864000034e+00
-1.017817371942000060e+00
-9.955456570200000854e-01
-9.732739420980003331e-01
-9.510022271760001367e-01
-9.287305122539999402e-01
-9.064587973320001879e-01
-8.841870824099999915e-01
-8.619153674880002391e-01
-8.396436525660000427e-01
-8.173719376440002904e-01
-7.951002227220000940e-01
-7.728285078000003416e-01
-7.505567928780001452e-01
-7.282850779559999488e-01
-7.060133630340001964e-01
-6.837416481120000000e-01
-6.614699331900002477e-01
-6.391982182680000513e-01
-6.169265033460002989e-01
-5.946547884240001025e-01
-5.723830735020003502e-01
-5.501113585800001538e-01
-5.278396436579999573e-01
-5.055679287360002050e-01
-4.832962138140000086e-01
-4.610244988920002562e-01
-4.387527839700000598e-01
-4.164810690480003075e-01
-3.942093541260001111e-01
-3.719376392040003587e-01
-3.496659242820001623e-01
-3.273942093599999659e-01
-3.051224944380002135e-01
-2.828507795160000171e-01
-2.605790645940002648e-01
-2.383073496720000684e-01
-2.160356347500003160e-01
-1.937639198280001196e-01
-1.714922049060003673e-01
-1.492204899840001708e-01
-1.269487750619999744e-01
-1.046770601400002221e-01
-8.240534521800002565e-02
-6.013363029600027332e-02
-3.786191537400007689e-02
-1.559020045200032456e-02
6.681514469999871864e-03
2.895322939199962420e-02
5.122494431399982062e-02
7.349665923600001705e-02
9.576837415799976938e-02
1.180400890799999658e-01
1.403118040019997181e-01
1.625835189239999146e-01
1.848552338459996669e-01
2.071269487679998633e-01
2.293986636899996157e-01
2.516703786119998121e-01
2.739420935340000085e-01
2.962138084559997608e-01
3.184855233779999573e-01
3.407572382999997096e-01
3.630289532219999060e-01
3.853006681439996584e-01
4.075723830659998548e-01
4.298440979879996071e-01
4.521158129099998035e-01
4.743875278320000000e-01
4.966592427539997523e-01
5.189309576759999487e-01
5.412026725979997011e-01
5.634743875199998975e-01
5.857461024419996498e-01
6.080178173639998462e-01
6.302895322859995986e-01
6.525612472079997950e-01
6.748329621299999914e-01
6.971046770519997438e-01
7.193763919739999402e-01
7.416481068959996925e-01
7.639198218179998889e-01
7.861915367399996413e-01
8.084632516619998377e-01
8.307349665839995900e-01
8.530066815059997865e-01
8.752783964279999829e-01
8.975501113499997352e-01
9.198218262719999316e-01
9.420935411939996840e-01
9.643652561159998804e-01
9.866369710379996327e-01
1.008908685959999829e+00
1.031180400881999581e+00
1.053452115803999334e+00
1.075723830725999974e+00
1.097995545647999727e+00
1.120267260569999479e+00
1.142538975492000120e+00
1.164810690413999872e+00
1.187082405335999624e+00
1.209354120257999377e+00
1.231625835180000017e+00
1.253897550101999769e+00
1.276169265023999522e+00
1.298440979946000162e+00
1.320712694867999915e+00
1.342984409789999667e+00
1.365256124711999419e+00
1.387527839634000060e+00
1.409799554555999812e+00
1.432071269477999564e+00
1.454342984399999317e+00
1.476614699321999957e+00
1.498886414243999710e+00
1.521158129165999462e+00
1.543429844088000102e+00
1.565701559009999855e+00
1.587973273931999607e+00
1.610244988853999359e+00
1.632516703776000000e+00
1.654788418697999752e+00
1.677060133619999505e+00
1.699331848542000145e+00
1.721603563463999897e+00
1.743875278385999650e+00
1.766146993307999402e+00
1.788418708230000043e+00
1.810690423151999795e+00
1.832962138073999547e+00
1.855233852995999300e+00
1.877505567917999940e+00
1.899777282839999692e+00
1.922048997761999445e+00
1.944320712684000085e+00
1.966592427605999838e+00
1.988864142527999590e+00
2.011135857449999342e+00
2.033407572371999983e+00
2.055679287293999735e+00
2.077951002215999488e+00
2.100222717138000128e+00
2.122494432059999880e+00
2.144766146981999633e+00
2.167037861903999385e+00
2.189309576826000026e+00
2.211581291747999778e+00
2.233853006669999530e+00
2.256124721591999283e+00
2.278396436513999923e+00
2.300668151435999675e+00
2.322939866357999428e+00
2.345211581280000068e+00
2.367483296201999821e+00
2.389755011123999573e+00
2.412026726045999325e+00
2.434298440967999966e+00
2.456570155889999718e+00
2.478841870811999470e+00
2.501113585734000111e+00
2.523385300655999863e+00
2.545657015577999616e+00
2.567928730499999368e+00
2.590200445422000008e+00
2.612472160343999761e+00
2.634743875265999513e+00
2.657015590187999265e+00
2.679287305109999906e+00
2.701559020031999658e+00
2.723830734953999411e+00
2.746102449876000051e+00
2.768374164797999804e+00
2.790645879719999556e+00
2.812917594641999308e+00
2.835189309563999949e+00
2.857461024485999701e+00
2.879732739407999453e+00
2.902004454329999206e+00
2.924276169251999846e+00
2.946547884173999599e+00
2.968819599095999351e+00
2.991091314017999991e+00
3.013363028939999744e+00
3.035634743861999496e+00
3.057906458783999248e+00
3.080178173705999889e+00
3.102449888627999641e+00
3.124721603549999394e+00
3.146993318472000034e+00
3.169265033393999786e+00
3.191536748315999539e+00
3.213808463237999291e+00
3.236080178159999932e+00
3.258351893081999684e+00
3.280623608003999436e+00
3.302895322925999189e+00
3.325167037847999829e+00
3.347438752769999581e+00
3.369710467691999334e+00
3.391982182613999974e+00
3.414253897535999727e+00
3.436525612457999479e+00
3.458797327379999231e+00
3.481069042301999872e+00
3.503340757223999624e+00
3.525612472145999376e+00
3.547884187068000017e+00
3.570155901989999769e+00
3.592427616911999522e+00
3.614699331833999274e+00
3.636971046755999915e+00
3.659242761677999667e+00
3.681514476599999419e+00
3.703786191521999172e+00
3.726057906443999812e+00
3.748329621365999564e+00
3.770601336287999317e+00
3.792873051209999957e+00
3.815144766131999710e+00
3.837416481053999462e+00
3.859688195975999214e+00
3.881959910897999855e+00
3.904231625819999607e+00
3.926503340741999359e+00
3.948775055664000000e+00
3.971046770585999752e+00
3.993318485507999505e+00
4.015590200429999257e+00
4.037861915351999897e+00
4.060133630273999650e+00
4.082405345195999402e+00
4.104677060117999154e+00
4.126948775039999795e+00
4.149220489961999547e+00
4.171492204883999300e+00
4.193763919805999940e+00
4.216035634727999692e+00
4.238307349649999445e+00
4.260579064571999197e+00
4.282850779493999838e+00
4.305122494415999590e+00
4.327394209337999342e+00
4.349665924259999983e+00
4.371937639181999735e+00
4.394209354103999488e+00
4.416481069025999240e+00
4.438752783947999880e+00
4.461024498869999633e+00
4.483296213791999385e+00
4.505567928713999137e+00
4.527839643635999778e+00
4.550111358557999530e+00
4.572383073479999283e+00
4.594654788401999923e+00
4.616926503323999675e+00
4.639198218245999428e+00
4.661469933167999180e+00
4.683741648089999821e+00
4.706013363011999573e+00
4.728285077933999325e+00
4.750556792855999966e+00
4.772828507777999718e+00
4.795100222699999470e+00
4.817371937621999223e+00
4.839643652543999863e+00
4.861915367465999616e+00
4.884187082387999368e+00
4.906458797309999120e+00
4.928730512231999761e+00
4.951002227153999513e+00
4.973273942075999265e+00
4.995545656997999906e+00
5.017817371919999658e+00
5.040089086842000299e+00
5.062360801763999163e+00
5.084632516685999803e+00
5.106904231607998668e+00
5.129175946529999308e+00
5.151447661451999949e+00
5.173719376373998813e+00
5.195991091295999453e+00
5.218262806218000094e+00
5.240534521139998958e+00
5.262806236061999599e+00
5.285077950984000239e+00
5.307349665905999103e+00
5.329621380827999744e+00
5.351893095750000384e+00
5.374164810671999248e+00
5.396436525593999889e+00
5.418708240515998753e+00
5.440979955437999394e+00
5.463251670360000034e+00
5.485523385281998898e+00
5.507795100203999539e+00
5.530066815126000179e+00
5.552338530047999043e+00
5.574610244969999684e+00
5.596881959892000324e+00
5.619153674813999189e+00
5.641425389735999829e+00
5.663697104657998693e+00
5.685968819579999334e+00
5.708240534501999974e+00
5.730512249423998838e+00
5.752783964345999479e+00
5.775055679268000119e+00
5.797327394189998984e+00
5.819599109111999624e+00
5.841870824034000265e+00
5.864142538955999129e+00
5.886414253877999769e+00
5.908685968799998633e+00
5.930957683721999274e+00
5.953229398643999914e+00
5.975501113565998779e+00
5.997772828487999419e+00
6.020044543410000060e+00
6.042316258331998924e+00
6.064587973253999564e+00
6.086859688176000205e+00
6.109131403097999069e+00
6.131403118019999710e+00
6.153674832941998574e+00
6.175946547863999214e+00
6.198218262785999855e+00
6.220489977707998719e+00
6.242761692629999359e+00
6.265033407552000000e+00
6.287305122473998864e+00
6.309576837395999505e+00
6.331848552318000145e+00
6.354120267239999009e+00
6.376391982161999650e+00
6.398663697084000290e+00
6.420935412005999154e+00
6.443207126927999795e+00
6.465478841849998659e+00
6.487750556771999300e+00
6.510022271693999940e+00
6.532293986615998804e+00
6.554565701537999445e+00
6.576837416460000085e+00
6.599109131381998949e+00
6.621380846303999590e+00
6.643652561226000230e+00
6.665924276147999095e+00
6.688195991069999735e+00
6.710467705991998599e+00
6.732739420913999240e+00
6.755011135835999880e+00
6.777282850757998744e+00
6.799554565679999385e+00
6.821826280602000026e+00
6.844097995523998890e+00
6.866369710445999530e+00
6.888641425368000171e+00
6.910913140289999035e+00
6.933184855211999675e+00
6.955456570133998540e+00
6.977728285055999180e+00
6.999999999977999821e+00
