-2.000000000000000000e+00
-1.979899497486999893e+00
-1.959798994974000008e+00
-1.939698492460999901e+00
-1.919597989948000016e+00
-1.899497487434999909e+00
-1.879396984922000025e+00
-1.859296482408999918e+00
-1.839195979896000033e+00
-1.819095477382999926e+00
-1.798994974870000041e+00
-1.778894472356999934e+00
-1.758793969844000049e+00
-1.738693467330999942e+00
-1.718592964818000057e+00
-1.698492462304999950e+00
-1.678391959792000065e+00
-1.658291457278999959e+00
-1.638190954766000074e+00
-1.618090452252999967e+00
-1.597989949740000082e+00
-1.577889447226999975e+00
-1.557788944714000090e+00
-1.537688442200999983e+00
-1.517587939688000098e+00
-1.497487437174999991e+00
-1.477386934661999884e+00
-1.457286432148999999e+00
-1.437185929636000115e+00
-1.417085427123000008e+00
-1.396984924609999901e+00
-1.376884422097000016e+00
-1.356783919584000131e+00
-1.336683417071000024e+00
-1.316582914557999917e+00
-1.296482412045000032e+00
-1.276381909532000147e+00
-1.256281407019000040e+00
-1.236180904505999933e+00
-1.216080401993000049e+00
-1.195979899480000164e+00
-1.175879396967000057e+00
-1.155778894453999950e+00
-1.135678391941000065e+00
-1.115577889428000180e+00
-1.095477386915000073e+00
-1.075376884401999966e+00
-1.055276381889000081e+00
-1.035175879375999974e+00
-1.015075376862999867e+00
-9.949748743499999826e-01
-9.748743718370000977e-01
-9.547738693239999908e-01
-9.346733668110001059e-01
-9.145728642979999989e-01
-8.944723617850001141e-01
-8.743718592720000071e-01
-8.542713567590001222e-01
-8.341708542460000153e-01
-8.140703517330001304e-01
-7.939698492200000235e-01
-7.738693467070001386e-01
-7.537688441940000317e-01
-7.336683416810001468e-01
-7.135678391680000399e-01
-6.934673366549999329e-01
-6.733668341420000480e-01
-6.532663316289999411e-01
-6.331658291160000562e-01
-6.130653266029999493e-01
-5.929648240900000644e-01
-5.728643215769999575e-01
-5.527638190640000726e-01
-5.326633165509999657e-01
-5.125628140380000808e-01
-4.924623115249999739e-01
-4.723618090120000890e-01
-4.522613064989999820e-01
-4.321608039860000972e-01
-4.120603014729999902e-01
-3.919597989600001053e-01
-3.718592964469999984e-01
-3.517587939340001135e-01
-3.316582914210000066e-01
-3.115577889080001217e-01
-2.914572863950000148e-01
-2.713567838820001299e-01
-2.512562813690000230e-01
-2.311557788560001381e-01
-2.110552763430000311e-01
-1.909547738300001463e-01
-1.708542713170000393e-01
-1.507537688040001544e-01
-1.306532662910000475e-01
-1.105527637780001626e-01
-9.045226126500005570e-02
-7.035175875199994877e-02
-5.025125623900006389e-02
-3.015075372599995696e-02
-1.005025121300007207e-02
1.005025130000003486e-02
3.015075381299991975e-02
5.025125632599980463e-02
7.035175883900013361e-02
9.045226135200001849e-02
1.105527638649999034e-01
1.306532663779997883e-01
1.507537688910001172e-01
1.708542714040000021e-01
1.909547739169998870e-01
2.110552764299997719e-01
2.311557789430001009e-01
2.512562814559999858e-01
2.713567839689998706e-01
2.914572864819997555e-01
3.115577889950000845e-01
3.316582915079999694e-01
3.517587940209998543e-01
3.718592965339997392e-01
3.919597990470000681e-01
4.120603015599999530e-01
4.321608040729998379e-01
4.522613065859997228e-01
4.723618090990000518e-01
4.924623116119999366e-01
5.125628141249998215e-01
5.326633166379997064e-01
5.527638191510000354e-01
5.728643216639999203e-01
5.929648241769998052e-01
6.130653266900001341e-01
6.331658292030000190e-01
6.532663317159999039e-01
6.733668342289997888e-01
6.934673367420001178e-01
7.135678392550000027e-01
7.336683417679998875e-01
7.537688442809997724e-01
7.738693467940001014e-01
7.939698493069999863e-01
8.140703518199998712e-01
8.341708543329997561e-01
8.542713568460000850e-01
8.743718593589999699e-01
8.944723618719998548e-01
9.145728643849997397e-01
9.346733668980000687e-01
9.547738694109999535e-01
9.748743719239998384e-01
9.949748744369997233e-01
1.015075376950000052e+00
1.035175879462999937e+00
1.055276381975999822e+00
1.075376884488999707e+00
1.095477387002000036e+00
1.115577889514999921e+00
1.135678392027999806e+00
1.155778894540999691e+00
1.175879397054000020e+00
1.195979899566999904e+00
1.216080402079999789e+00
1.236180904593000118e+00
1.256281407106000003e+00
1.276381909618999888e+00
1.296482412131999773e+00
1.316582914645000102e+00
1.336683417157999987e+00
1.356783919670999872e+00
1.376884422183999757e+00
1.396984924697000086e+00
1.417085427209999970e+00
1.437185929722999855e+00
1.457286432235999740e+00
1.477386934749000069e+00
1.497487437261999954e+00
1.517587939774999839e+00
1.537688442287999724e+00
1.557788944801000053e+00
1.577889447313999938e+00
1.597989949826999823e+00
1.618090452339999707e+00
1.638190954853000036e+00
1.658291457365999921e+00
1.678391959878999806e+00
1.698492462391999691e+00
1.718592964905000020e+00
1.738693467417999905e+00
1.758793969930999790e+00
1.778894472443999675e+00
1.798994974957000004e+00
1.819095477469999889e+00
1.839195979982999773e+00
1.859296482496000102e+00
1.879396985008999987e+00
1.899497487521999872e+00
1.919597990034999757e+00
1.939698492548000086e+00
1.959798995060999971e+00
1.979899497573999856e+00
2.000000000086999741e+00
