1.000000000000000000e+00
1.000000000000000000e+00
1.000000000000000000e+00
1.000000000000000000e+00
1.000000000000000000e+00
8.100000000000000533e-01
1.000000000000000000e+00
1.000000000000000000e+00
8.800000000000000044e-01
1.000000000000000000e+00
1.000000000000000000e+00
1.000000000000000000e+00
1.000000000000000000e+00
1.000000000000000000e+00
1.000000000000000000e+00
1.000000000000000000e+00
8.699999999999999956e-01
8.900000000000000133e-01
1.000000000000000000e+00
9.100000000000000311e-01
9.399999999999999467e-01
1.000000000000000000e+00
1.000000000000000000e+00
9.399999999999999467e-01
1.000000000000000000e+00
1.000000000000000000e+00
1.000000000000000000e+00
9.499999999999999556e-01
1.000000000000000000e+00
1.000000000000000000e+00
1.000000000000000000e+00
1.000000000000000000e+00
1.000000000000000000e+00
1.000000000000000000e+00
1.000000000000000000e+00
1.000000000000000000e+00
1.000000000000000000e+00
9.599999999999999645e-01
9.300000000000000488e-01
9.499999999999999556e-01
1.000000000000000000e+00
1.000000000000000000e+00
1.000000000000000000e+00
1.000000000000000000e+00
1.000000000000000000e+00
1.000000000000000000e+00
1.000000000000000000e+00
1.000000000000000000e+00
1.000000000000000000e+00
1.000000000000000000e+00
1.000000000000000000e+00
1.000000000000000000e+00
1.000000000000000000e+00
9.100000000000000311e-01
1.000000000000000000e+00
1.000000000000000000e+00
1.000000000000000000e+00
1.000000000000000000e+00
8.599999999999999867e-01
1.000000000000000000e+00
1.000000000000000000e+00
1.000000000000000000e+00
9.300000000000000488e-01
1.000000000000000000e+00
1.000000000000000000e+00
1.000000000000000000e+00
1.000000000000000000e+00
9.300000000000000488e-01
1.000000000000000000e+00
1.000000000000000000e+00
7.900000000000000355e-01
1.000000000000000000e+00
1.000000000000000000e+00
1.000000000000000000e+00
1.000000000000000000e+00
1.000000000000000000e+00
1.000000000000000000e+00
1.000000000000000000e+00
1.000000000000000000e+00
8.699999999999999956e-01
8.800000000000000044e-01
1.000000000000000000e+00
8.699999999999999956e-01
1.000000000000000000e+00
1.000000000000000000e+00
1.000000000000000000e+00
9.499999999999999556e-01
1.000000000000000000e+00
1.000000000000000000e+00
1.000000000000000000e+00
9.699999999999999734e-01
1.000000000000000000e+00
1.000000000000000000e+00
9.300000000000000488e-01
9.300000000000000488e-01
1.000000000000000000e+00
1.000000000000000000e+00
1.000000000000000000e+00
1.000000000000000000e+00
1.000000000000000000e+00
9.300000000000000488e-01
1.000000000000000000e+00
9.499999999999999556e-01
1.000000000000000000e+00
1.000000000000000000e+00
1.000000000000000000e+00
1.000000000000000000e+00
1.000000000000000000e+00
1.000000000000000000e+00
1.000000000000000000e+00
1.000000000000000000e+00
1.000000000000000000e+00
1.000000000000000000e+00
1.000000000000000000e+00
1.000000000000000000e+00
9.100000000000000311e-01
1.000000000000000000e+00
1.000000000000000000e+00
1.000000000000000000e+00
1.000000000000000000e+00
8.599999999999999867e-01
1.000000000000000000e+00
1.000000000000000000e+00
1.000000000000000000e+00
1.000000000000000000e+00
1.000000000000000000e+00
1.000000000000000000e+00
1.000000000000000000e+00
1.000000000000000000e+00
1.000000000000000000e+00
8.100000000000000533e-01
1.000000000000000000e+00
1.000000000000000000e+00
8.800000000000000044e-01
1.000000000000000000e+00
1.000000000000000000e+00
1.000000000000000000e+00
1.000000000000000000e+00
1.000000000000000000e+00
1.000000000000000000e+00
1.000000000000000000e+00
8.699999999999999956e-01
8.900000000000000133e-01
1.000000000000000000e+00
9.499999999999999556e-01
9.399999999999999467e-01
1.000000000000000000e+00
1.000000000000000000e+00
9.399999999999999467e-01
1.000000000000000000e+00
1.000000000000000000e+00
1.000000000000000000e+00
9.499999999999999556e-01
1.000000000000000000e+00
1.000000000000000000e+00
1.000000000000000000e+00
1.000000000000000000e+00
1.000000000000000000e+00
1.000000000000000000e+00
1.000000000000000000e+00
1.000000000000000000e+00
1.000000000000000000e+00
9.599999999999999645e-01
9.300000000000000488e-01
9.499999999999999556e-01
1.000000000000000000e+00
1.000000000000000000e+00
1.000000000000000000e+00
1.000000000000000000e+00
1.000000000000000000e+00
1.000000000000000000e+00
1.000000000000000000e+00
1.000000000000000000e+00
1.000000000000000000e+00
1.000000000000000000e+00
1.000000000000000000e+00
1.000000000000000000e+00
1.000000000000000000e+00
9.100000000000000311e-01
1.000000000000000000e+00
1.000000000000000000e+00
1.000000000000000000e+00
1.000000000000000000e+00
8.599999999999999867e-01
1.000000000000000000e+00
1.000000000000000000e+00
1.000000000000000000e+00
9.300000000000000488e-01
1.000000000000000000e+00
1.000000000000000000e+00
1.000000000000000000e+00
1.000000000000000000e+00
9.300000000000000488e-01
1.000000000000000000e+00
1.000000000000000000e+00
7.900000000000000355e-01
1.000000000000000000e+00
1.000000000000000000e+00
1.000000000000000000e+00
1.000000000000000000e+00
1.000000000000000000e+00
1.000000000000000000e+00
1.000000000000000000e+00
1.000000000000000000e+00
8.699999999999999956e-01
8.800000000000000044e-01
1.000000000000000000e+00
8.699999999999999956e-01
1.000000000000000000e+00
1.000000000000000000e+00
1.000000000000000000e+00
9.499999999999999556e-01
1.000000000000000000e+00
1.000000000000000000e+00
1.000000000000000000e+00
9.699999999999999734e-01
1.000000000000000000e+00
1.000000000000000000e+00
9.300000000000000488e-01
9.300000000000000488e-01
1.000000000000000000e+00
1.000000000000000000e+00
1.000000000000000000e+00
1.000000000000000000e+00
1.000000000000000000e+00
9.300000000000000488e-01
1.000000000000000000e+00
9.499999999999999556e-01
1.000000000000000000e+00
1.000000000000000000e+00
1.000000000000000000e+00
1.000000000000000000e+00
1.000000000000000000e+00
1.000000000000000000e+00
1.000000000000000000e+00
1.000000000000000000e+00
1.000000000000000000e+00
1.000000000000000000e+00
1.000000000000000000e+00
1.000000000000000000e+00
9.100000000000000311e-01
1.000000000000000000e+00
1.000000000000000000e+00
1.000000000000000000e+00
1.000000000000000000e+00
8.599999999999999867e-01
1.000000000000000000e+00
1.000000000000000000e+00
1.000000000000000000e+00
1.000000000000000000e+00
1.000000000000000000e+00
1.000000000000000000e+00
1.000000000000000000e+00
1.000000000000000000e+00
1.000000000000000000e+00
8.100000000000000533e-01
1.000000000000000000e+00
1.000000000000000000e+00
8.800000000000000044e-01
1.000000000000000000e+00
1.000000000000000000e+00
1.000000000000000000e+00
1.000000000000000000e+00
1.000000000000000000e+00
1.000000000000000000e+00
1.000000000000000000e+00
8.699999999999999956e-01
8.900000000000000133e-01
1.000000000000000000e+00
9.100000000000000311e-01
9.399999999999999467e-01
1.000000000000000000e+00
1.000000000000000000e+00
9.399999999999999467e-01
1.000000000000000000e+00
1.000000000000000000e+00
1.000000000000000000e+00
9.499999999999999556e-01
1.000000000000000000e+00
1.000000000000000000e+00
1.000000000000000000e+00
1.000000000000000000e+00
1.000000000000000000e+00
1.000000000000000000e+00
1.000000000000000000e+00
1.000000000000000000e+00
1.000000000000000000e+00
9.599999999999999645e-01
9.300000000000000488e-01
9.499999999999999556e-01
1.000000000000000000e+00
1.000000000000000000e+00
1.000000000000000000e+00
1.000000000000000000e+00
1.000000000000000000e+00
1.000000000000000000e+00
1.000000000000000000e+00
1.000000000000000000e+00
1.000000000000000000e+00
1.000000000000000000e+00
1.000000000000000000e+00
1.000000000000000000e+00
1.000000000000000000e+00
9.100000000000000311e-01
1.000000000000000000e+00
1.000000000000000000e+00
1.000000000000000000e+00
1.000000000000000000e+00
8.599999999999999867e-01
1.000000000000000000e+00
1.000000000000000000e+00
1.000000000000000000e+00
9.300000000000000488e-01
1.000000000000000000e+00
1.000000000000000000e+00
1.000000000000000000e+00
1.000000000000000000e+00
9.300000000000000488e-01
1.000000000000000000e+00
1.000000000000000000e+00
7.900000000000000355e-01
1.000000000000000000e+00
1.000000000000000000e+00
1.000000000000000000e+00
1.000000000000000000e+00
1.000000000000000000e+00
1.000000000000000000e+00
1.000000000000000000e+00
1.000000000000000000e+00
8.699999999999999956e-01
8.800000000000000044e-01
1.000000000000000000e+00
8.699999999999999956e-01
1.000000000000000000e+00
1.000000000000000000e+00
1.000000000000000000e+00
9.499999999999999556e-01
1.000000000000000000e+00
1.000000000000000000e+00
1.000000000000000000e+00
9.699999999999999734e-01
1.000000000000000000e+00
1.000000000000000000e+00
9.300000000000000488e-01
9.300000000000000488e-01
1.000000000000000000e+00
1.000000000000000000e+00
1.000000000000000000e+00
1.000000000000000000e+00
1.000000000000000000e+00
9.300000000000000488e-01
1.000000000000000000e+00
9.499999999999999556e-01
1.000000000000000000e+00
1.000000000000000000e+00
1.000000000000000000e+00
1.000000000000000000e+00
1.000000000000000000e+00
1.000000000000000000e+00
1.000000000000000000e+00
1.000000000000000000e+00
1.000000000000000000e+00
1.000000000000000000e+00
1.000000000000000000e+00
1.000000000000000000e+00
9.100000000000000311e-01
1.000000000000000000e+00
1.000000000000000000e+00
1.000000000000000000e+00
1.000000000000000000e+00
8.599999999999999867e-01
1.000000000000000000e+00
1.000000000000000000e+00
1.000000000000000000e+00
1.000000000000000000e+00
1.000000000000000000e+00
1.000000000000000000e+00
1.000000000000000000e+00
1.000000000000000000e+00
1.000000000000000000e+00
8.100000000000000533e-01
1.000000000000000000e+00
1.000000000000000000e+00
8.800000000000000044e-01
1.000000000000000000e+00
1.000000000000000000e+00
1.000000000000000000e+00
1.000000000000000000e+00
1.000000000000000000e+00
1.000000000000000000e+00
1.000000000000000000e+00
8.699999999999999956e-01
8.900000000000000133e-01
1.000000000000000000e+00
9.100000000000000311e-01
9.399999999999999467e-01
1.000000000000000000e+00
1.000000000000000000e+00
9.399999999999999467e-01
1.000000000000000000e+00
1.000000000000000000e+00
1.000000000000000000e+00
9.499999999999999556e-01
1.000000000000000000e+00
1.000000000000000000e+00
1.000000000000000000e+00
1.000000000000000000e+00
1.000000000000000000e+00
1.000000000000000000e+00
1.000000000000000000e+00
1.000000000000000000e+00
1.000000000000000000e+00
9.599999999999999645e-01
9.300000000000000488e-01
9.499999999999999556e-01
1.000000000000000000e+00
1.000000000000000000e+00
1.000000000000000000e+00
1.000000000000000000e+00
1.000000000000000000e+00
1.000000000000000000e+00
1.000000000000000000e+00
1.000000000000000000e+00
1.000000000000000000e+00
1.000000000000000000e+00
1.000000000000000000e+00
1.000000000000000000e+00
1.000000000000000000e+00
9.100000000000000311e-01
1.000000000000000000e+00
1.000000000000000000e+00
1.000000000000000000e+00
1.000000000000000000e+00
8.599999999999999867e-01
1.000000000000000000e+00
1.000000000000000000e+00
1.000000000000000000e+00
9.300000000000000488e-01
1.000000000000000000e+00
1.000000000000000000e+00
1.000000000000000000e+00
1.000000000000000000e+00
9.300000000000000488e-01
1.000000000000000000e+00
1.000000000000000000e+00
7.900000000000000355e-01
1.000000000000000000e+00
1.000000000000000000e+00
1.000000000000000000e+00
1.000000000000000000e+00
1.000000000000000000e+00
1.000000000000000000e+00
1.000000000000000000e+00
1.000000000000000000e+00
8.699999999999999956e-01
8.800000000000000044e-01
1.000000000000000000e+00
8.699999999999999956e-01
1.000000000000000000e+00
1.000000000000000000e+00
1.000000000000000000e+00
9.499999999999999556e-01
1.000000000000000000e+00
1.000000000000000000e+00
1.000000000000000000e+00
9.699999999999999734e-01
1.000000000000000000e+00
1.000000000000000000e+00
9.300000000000000488e-01
9.300000000000000488e-01
1.000000000000000000e+00
1.000000000000000000e+00
1.000000000000000000e+00
1.000000000000000000e+00
1.000000000000000000e+00
9.300000000000000488e-01
1.000000000000000000e+00
9.499999999999999556e-01
1.000000000000000000e+00
1.000000000000000000e+00
1.000000000000000000e+00
1.000000000000000000e+00
1.000000000000000000e+00
1.000000000000000000e+00
1.000000000000000000e+00
1.000000000000000000e+00
1.000000000000000000e+00
1.000000000000000000e+00
1.000000000000000000e+00
1.000000000000000000e+00
9.100000000000000311e-01
1.000000000000000000e+00
1.000000000000000000e+00
1.000000000000000000e+00
1.000000000000000000e+00
8.599999999999999867e-01
1.000000000000000000e+00
1.000000000000000000e+00
