0.097315 1.183740 0.000000 0.664621 2.000000
0.057047 1.197100 0.000000 0.732739 3.000000
0.110738 0.502227 0.000000 0.093069 2.000000
0.130872 0.495546 0.000000 0.149939 3.000000
0.130872 1.170380 0.000000 0.712600 3.000000
0.063758 -0.172606 0.000000 0.188872 2.000000
0.057047 -0.172606 0.000000 0.244074 3.000000
-0.063758 -0.125835 0.000000 0.234979 2.000000
-0.063758 -0.139198 0.000000 0.283476 3.000000
-0.050336 -0.119154 0.000000 0.268567 2.000000
-0.057047 -0.125835 0.000000 0.335517 3.000000
-0.050336 -0.112472 0.000000 0.350030 3.000000
-0.043624 -0.105791 0.000000 0.268102 2.000000
0.050336 -0.105791 0.000000 0.287700 2.000000
0.050336 -0.112472 0.000000 0.352992 3.000000
-0.003356 0.729399 0.000000 0.373099 2.000000
0.023490 0.575724 0.000000 0.659720 3.000000
-0.030201 -0.099109 0.000000 0.288522 2.000000
-0.023490 -0.092428 0.000000 0.359212 3.000000
-0.036913 -0.099109 0.000000 0.369291 3.000000
0.016779 0.976615 0.000000 0.228877 2.000000
-0.003356 -0.079065 0.000000 0.213683 2.000000
0.036913 -0.099109 0.000000 0.372246 3.000000
0.010067 -0.079065 0.000000 0.217128 2.000000
0.050336 0.789532 0.000000 0.364833 2.000000
0.077181 0.769488 0.000000 0.438049 3.000000
-0.130872 0.682628 0.000000 0.280095 2.000000
-0.197987 0.655902 0.000000 0.560723 3.000000
-0.023490 0.869710 0.000000 0.562400 3.000000
0.023490 0.308463 0.000000 0.511031 2.000000
0.016779 0.281737 0.000000 0.651252 3.000000
0.010067 0.375278 0.000000 0.468884 2.000000
-0.003356 0.395323 0.000000 0.593654 3.000000
0.010067 0.328508 0.000000 0.571608 3.000000
-0.016779 0.475501 0.000000 0.279369 2.000000
-0.016779 -0.206013 0.000000 0.000000 0.000000
