-0.003356 0.288419 0.000000 0.519230 2.000000
-0.003356 0.335189 0.000000 0.747459 3.000000
0.010067 0.923163 0.000000 0.223224 2.000000
0.050336 1.157020 0.000000 0.744368 3.000000
-0.036913 0.602450 0.000000 0.617201 2.000000
-0.023490 0.562361 0.000000 0.713970 3.000000
0.104027 0.488864 0.000000 0.087766 2.000000
0.130872 0.488864 0.000000 0.149053 3.000000
-0.036913 0.622494 0.000000 0.681536 3.000000
-0.003356 0.528953 0.000000 0.586171 2.000000
0.023490 0.508909 0.000000 0.650349 3.000000
0.010067 0.214922 0.000000 0.619661 3.000000
0.063758 -0.172606 0.000000 0.187263 2.000000
0.057047 -0.172606 0.000000 0.243034 3.000000
-0.063758 -0.125835 0.000000 0.233678 2.000000
-0.063758 -0.139198 0.000000 0.282496 3.000000
-0.050336 -0.119154 0.000000 0.268150 2.000000
-0.057047 -0.125835 0.000000 0.334805 3.000000
-0.050336 -0.112472 0.000000 0.349463 3.000000
-0.043624 -0.105791 0.000000 0.267794 2.000000
0.050336 -0.105791 0.000000 0.286181 2.000000
0.050336 -0.112472 0.000000 0.351984 3.000000
-0.030201 -0.099109 0.000000 0.288608 2.000000
-0.023490 -0.092428 0.000000 0.359610 3.000000
-0.036913 -0.099109 0.000000 0.369129 3.000000
0.016779 0.422049 0.000000 0.288299 2.000000
-0.043624 0.682628 0.000000 0.379327 2.000000
-0.003356 -0.079065 0.000000 0.214504 2.000000
0.036913 -0.099109 0.000000 0.371525 3.000000
0.010067 -0.079065 0.000000 0.216657 2.000000
-0.137584 0.689310 0.000000 0.317013 2.000000
-0.171141 0.682628 0.000000 0.525444 3.000000
-0.010067 0.789532 0.000000 0.486545 2.000000
0.010067 0.769488 0.000000 0.541683 3.000000
-0.030201 0.822940 0.000000 0.562214 3.000000
-0.016779 -0.206013 0.000000 0.000000 0.000000
