0.097315 1.170380 0.000000 0.669416 2.000000
0.057047 1.190420 0.000000 0.734120 3.000000
0.104027 0.502227 0.000000 0.094319 2.000000
0.130872 0.488864 0.000000 0.151009 3.000000
0.130872 1.170380 0.000000 0.714134 3.000000
-0.003356 0.716036 0.000000 0.373484 2.000000
0.023490 0.562361 0.000000 0.668539 3.000000
0.010067 0.969933 0.000000 0.227577 2.000000
0.063758 -0.172606 0.000000 0.188562 2.000000
0.057047 -0.172606 0.000000 0.243866 3.000000
-0.063758 -0.125835 0.000000 0.234686 2.000000
-0.063758 -0.139198 0.000000 0.283255 3.000000
-0.050336 -0.119154 0.000000 0.268433 2.000000
-0.057047 -0.125835 0.000000 0.335326 3.000000
-0.050336 -0.112472 0.000000 0.349841 3.000000
-0.043624 -0.105791 0.000000 0.267964 2.000000
0.050336 -0.105791 0.000000 0.287390 2.000000
0.050336 -0.112472 0.000000 0.352771 3.000000
-0.030201 -0.099109 0.000000 0.288424 2.000000
-0.023490 -0.092428 0.000000 0.359128 3.000000
-0.036913 -0.099109 0.000000 0.369127 3.000000
-0.003356 -0.079065 0.000000 0.213773 2.000000
0.036913 -0.099109 0.000000 0.372078 3.000000
0.010067 -0.079065 0.000000 0.217052 2.000000
0.050336 0.782851 0.000000 0.359052 2.000000
0.077181 0.762806 0.000000 0.422725 3.000000
0.023490 0.321826 0.000000 0.466300 2.000000
0.023490 0.348552 0.000000 0.518143 3.000000
-0.124161 0.682628 0.000000 0.305202 2.000000
-0.197987 0.662584 0.000000 0.554814 3.000000
-0.030201 0.856347 0.000000 0.560906 3.000000
0.016779 0.268374 0.000000 0.646720 3.000000
0.016779 0.368597 0.000000 0.463181 2.000000
-0.010067 0.422049 0.000000 0.616512 3.000000
-0.010067 0.462138 0.000000 0.288997 2.000000
-0.016779 -0.206013 0.000000 0.000000 0.000000
