0.097315 1.183740 0.000000 0.663580 2.000000
0.057047 1.197100 0.000000 0.731750 3.000000
0.130872 1.170380 0.000000 0.711316 3.000000
0.110738 0.502227 0.000000 0.093023 2.000000
0.130872 0.495546 0.000000 0.150589 3.000000
0.023490 0.308463 0.000000 0.502663 2.000000
0.016779 0.281737 0.000000 0.657588 3.000000
-0.003356 0.729399 0.000000 0.373230 2.000000
0.023490 0.575724 0.000000 0.656811 3.000000
0.063758 -0.172606 0.000000 0.188934 2.000000
0.057047 -0.172606 0.000000 0.244109 3.000000
-0.063758 -0.125835 0.000000 0.235047 2.000000
-0.063758 -0.139198 0.000000 0.283530 3.000000
-0.050336 -0.119154 0.000000 0.268589 2.000000
-0.057047 -0.125835 0.000000 0.335557 3.000000
-0.050336 -0.112472 0.000000 0.350060 3.000000
-0.043624 -0.105791 0.000000 0.268117 2.000000
0.050336 -0.105791 0.000000 0.287786 2.000000
0.050336 -0.112472 0.000000 0.353054 3.000000
-0.030201 -0.099109 0.000000 0.288512 2.000000
-0.023490 -0.092428 0.000000 0.359170 3.000000
-0.036913 -0.099109 0.000000 0.369295 3.000000
0.016779 0.375278 0.000000 0.472716 2.000000
-0.003356 0.402004 0.000000 0.598015 3.000000
0.016779 0.976615 0.000000 0.229087 2.000000
-0.003356 -0.079065 0.000000 0.213613 2.000000
0.036913 -0.099109 0.000000 0.372313 3.000000
0.010067 -0.079065 0.000000 0.217232 2.000000
0.043624 0.796214 0.000000 0.365649 2.000000
0.077181 0.769488 0.000000 0.441904 3.000000
0.016779 0.328508 0.000000 0.571356 3.000000
-0.130872 0.682628 0.000000 0.274021 2.000000
-0.197987 0.655902 0.000000 0.560669 3.000000
-0.016779 0.475501 0.000000 0.277251 2.000000
-0.023490 0.869710 0.000000 0.562475 3.000000
-0.016779 -0.206013 0.000000 0.000000 0.000000
