-0.003356 0.295100 0.000000 0.500976 2.000000
-0.003356 0.348552 0.000000 0.747071 3.000000
-0.036913 0.609131 0.000000 0.605620 2.000000
-0.023490 0.569042 0.000000 0.714253 3.000000
0.003356 0.929844 0.000000 0.222713 2.000000
0.050336 1.157020 0.000000 0.743995 3.000000
0.104027 0.488864 0.000000 0.089182 2.000000
0.130872 0.488864 0.000000 0.150637 3.000000
-0.043624 0.629176 0.000000 0.667864 3.000000
0.063758 -0.172606 0.000000 0.187439 2.000000
0.057047 -0.172606 0.000000 0.243165 3.000000
-0.003356 0.528953 0.000000 0.588361 2.000000
-0.063758 -0.125835 0.000000 0.233790 2.000000
-0.063758 -0.139198 0.000000 0.282596 3.000000
-0.050336 -0.119154 0.000000 0.268175 2.000000
-0.057047 -0.125835 0.000000 0.334867 3.000000
0.023490 0.515590 0.000000 0.655460 3.000000
-0.050336 -0.112472 0.000000 0.349487 3.000000
-0.043624 -0.105791 0.000000 0.267787 2.000000
0.050336 -0.105791 0.000000 0.286307 2.000000
0.050336 -0.112472 0.000000 0.352073 3.000000
-0.030201 -0.099109 0.000000 0.288550 2.000000
-0.023490 -0.092428 0.000000 0.359511 3.000000
-0.036913 -0.099109 0.000000 0.369082 3.000000
-0.036913 0.689310 0.000000 0.372244 2.000000
-0.003356 -0.079065 0.000000 0.214412 2.000000
0.036913 -0.099109 0.000000 0.371582 3.000000
0.010067 -0.079065 0.000000 0.216734 2.000000
-0.137584 0.682628 0.000000 0.318197 2.000000
-0.177852 0.682628 0.000000 0.527165 3.000000
-0.010067 0.796214 0.000000 0.490078 2.000000
0.010067 0.776169 0.000000 0.541384 3.000000
-0.030201 0.822940 0.000000 0.564304 3.000000
0.010067 0.214922 0.000000 0.626064 3.000000
0.016779 0.428731 0.000000 0.291343 2.000000
-0.016779 -0.206013 0.000000 0.000000 0.000000
