0.010067 0.949889 0.000000 0.224692 2.000000
0.050336 1.170380 0.000000 0.740748 3.000000
-0.010067 0.315145 0.000000 0.458088 2.000000
-0.003356 0.381960 0.000000 0.704279 3.000000
0.110738 0.495546 0.000000 0.093580 2.000000
0.130872 0.488864 0.000000 0.154369 3.000000
0.063758 -0.172606 0.000000 0.187912 2.000000
0.057047 -0.172606 0.000000 0.243439 3.000000
-0.063758 -0.125835 0.000000 0.234125 2.000000
-0.063758 -0.139198 0.000000 0.282833 3.000000
-0.050336 -0.119154 0.000000 0.268209 2.000000
-0.057047 -0.125835 0.000000 0.334986 3.000000
-0.050336 -0.112472 0.000000 0.349526 3.000000
-0.043624 -0.105791 0.000000 0.267755 2.000000
0.050336 -0.105791 0.000000 0.286776 2.000000
0.050336 -0.112472 0.000000 0.352358 3.000000
-0.030201 -0.099109 0.000000 0.288332 2.000000
-0.023490 -0.092428 0.000000 0.359109 3.000000
-0.036913 -0.099109 0.000000 0.368915 3.000000
-0.003356 -0.079065 0.000000 0.214045 2.000000
-0.003356 0.548998 0.000000 0.594223 2.000000
-0.030201 0.609131 0.000000 0.679197 3.000000
0.036913 -0.099109 0.000000 0.371787 3.000000
0.010067 -0.079065 0.000000 0.216933 2.000000
0.057047 0.762806 0.000000 0.333640 2.000000
0.077181 0.756125 0.000000 0.383072 3.000000
0.023490 0.535635 0.000000 0.669773 3.000000
-0.144295 0.682628 0.000000 0.325539 2.000000
-0.184564 0.675947 0.000000 0.543097 3.000000
-0.043624 0.635857 0.000000 0.567575 2.000000
0.016779 0.248330 0.000000 0.632463 3.000000
0.003356 0.675947 0.000000 0.362071 2.000000
-0.030201 0.842984 0.000000 0.565056 3.000000
0.010067 0.448775 0.000000 0.300430 2.000000
-0.057047 0.662584 0.000000 0.616219 3.000000
-0.016779 -0.206013 0.000000 0.000000 0.000000
