-0.003356 0.281737 0.000000 0.526450 2.000000
-0.003356 0.335189 0.000000 0.748294 3.000000
0.104027 0.488864 0.000000 0.086754 2.000000
0.124161 0.482183 0.000000 0.148336 3.000000
0.003356 0.923163 0.000000 0.222581 2.000000
0.043624 1.150330 0.000000 0.744133 3.000000
-0.036913 0.595768 0.000000 0.624541 2.000000
-0.023490 0.555679 0.000000 0.715891 3.000000
-0.036913 0.615813 0.000000 0.683749 3.000000
-0.003356 0.528953 0.000000 0.585169 2.000000
0.063758 -0.172606 0.000000 0.187171 2.000000
0.057047 -0.172606 0.000000 0.242966 3.000000
-0.063758 0.542316 0.000000 0.213443 2.000000
-0.077181 0.555679 0.000000 0.258752 3.000000
-0.063758 -0.125835 0.000000 0.233608 2.000000
-0.063758 -0.139198 0.000000 0.282425 3.000000
0.023490 0.502227 0.000000 0.644897 3.000000
-0.050336 -0.119154 0.000000 0.268136 2.000000
-0.057047 -0.125835 0.000000 0.334763 3.000000
-0.050336 -0.112472 0.000000 0.349452 3.000000
-0.043624 -0.105791 0.000000 0.267805 2.000000
0.050336 -0.105791 0.000000 0.286095 2.000000
0.050336 -0.112472 0.000000 0.351917 3.000000
-0.030201 -0.099109 0.000000 0.288658 2.000000
-0.023490 -0.092428 0.000000 0.359704 3.000000
-0.036913 0.675947 0.000000 0.381487 2.000000
-0.036913 -0.099109 0.000000 0.369173 3.000000
-0.003356 -0.079065 0.000000 0.214563 2.000000
0.036913 -0.099109 0.000000 0.371462 3.000000
0.010067 -0.079065 0.000000 0.216564 2.000000
-0.137584 0.689310 0.000000 0.318019 2.000000
-0.171141 0.682628 0.000000 0.524381 3.000000
-0.010067 0.789532 0.000000 0.486031 2.000000
0.010067 0.762806 0.000000 0.542874 3.000000
-0.030201 0.816258 0.000000 0.562473 3.000000
0.010067 0.208241 0.000000 0.617866 3.000000
0.016779 0.422049 0.000000 0.285954 2.000000
-0.016779 -0.206013 0.000000 0.000000 0.000000
