0.003356 0.916481 0.000000 0.222631 2.000000
0.043624 1.143650 0.000000 0.747059 3.000000
-0.003356 0.275056 0.000000 0.549366 2.000000
-0.003356 0.321826 0.000000 0.744619 3.000000
0.090604 0.482183 0.000000 0.084736 2.000000
0.124161 0.482183 0.000000 0.146830 3.000000
-0.030201 0.582405 0.000000 0.637711 2.000000
-0.023490 0.542316 0.000000 0.707368 3.000000
-0.030201 0.609131 0.000000 0.698177 3.000000
0.063758 -0.172606 0.000000 0.186998 2.000000
0.057047 -0.172606 0.000000 0.242867 3.000000
-0.063758 -0.125835 0.000000 0.233539 2.000000
-0.063758 -0.139198 0.000000 0.282390 3.000000
-0.050336 -0.119154 0.000000 0.268176 2.000000
-0.057047 -0.125835 0.000000 0.334780 3.000000
-0.050336 -0.112472 0.000000 0.349512 3.000000
-0.003356 0.515590 0.000000 0.575541 2.000000
-0.043624 -0.105791 0.000000 0.267874 2.000000
0.050336 -0.105791 0.000000 0.285978 2.000000
0.050336 -0.112472 0.000000 0.351868 3.000000
-0.030201 -0.099109 0.000000 0.288777 2.000000
-0.023490 -0.092428 0.000000 0.359875 3.000000
-0.036913 -0.099109 0.000000 0.369300 3.000000
-0.003356 -0.079065 0.000000 0.214663 2.000000
0.023490 0.495546 0.000000 0.632659 3.000000
0.036913 -0.099109 0.000000 0.371431 3.000000
0.010067 -0.079065 0.000000 0.216525 2.000000
-0.036913 0.662584 0.000000 0.387285 2.000000
-0.070470 0.689310 0.000000 0.349724 2.000000
-0.104027 0.669265 0.000000 0.401199 3.000000
0.070470 0.782851 0.000000 0.361495 2.000000
0.090604 0.776169 0.000000 0.406828 3.000000
-0.130872 0.689310 0.000000 0.315465 2.000000
-0.171141 0.682628 0.000000 0.513105 3.000000
-0.003356 0.776169 0.000000 0.481593 2.000000
0.010067 0.756125 0.000000 0.541899 3.000000
-0.030201 0.809577 0.000000 0.561654 3.000000
0.010067 0.208241 0.000000 0.613074 3.000000
0.016779 0.415367 0.000000 0.278939 2.000000
-0.016779 -0.206013 0.000000 0.000000 0.000000
