0.090604 1.170380 0.000000 0.673104 2.000000
0.050336 1.177060 0.000000 0.735871 3.000000
0.104027 0.502227 0.000000 0.096068 2.000000
0.130872 0.488864 0.000000 0.153758 3.000000
0.124161 1.157020 0.000000 0.717474 3.000000
-0.003356 0.569042 0.000000 0.605134 2.000000
0.023490 0.548998 0.000000 0.670175 3.000000
0.063758 -0.172606 0.000000 0.188253 2.000000
0.057047 -0.172606 0.000000 0.243655 3.000000
-0.063758 -0.125835 0.000000 0.234406 2.000000
-0.063758 -0.139198 0.000000 0.283036 3.000000
-0.050336 -0.119154 0.000000 0.268314 2.000000
-0.057047 -0.125835 0.000000 0.335144 3.000000
0.016779 0.956570 0.000000 0.225838 2.000000
-0.050336 -0.112472 0.000000 0.349675 3.000000
0.016779 0.315145 0.000000 0.425518 2.000000
-0.010067 0.408686 0.000000 0.661016 3.000000
-0.043624 -0.105791 0.000000 0.267852 2.000000
0.050336 -0.105791 0.000000 0.287090 2.000000
0.050336 -0.112472 0.000000 0.352560 3.000000
-0.030201 -0.099109 0.000000 0.288366 2.000000
-0.023490 -0.092428 0.000000 0.359103 3.000000
-0.036913 -0.099109 0.000000 0.369008 3.000000
-0.003356 -0.079065 0.000000 0.213890 2.000000
0.036913 -0.099109 0.000000 0.371916 3.000000
0.010067 -0.079065 0.000000 0.216965 2.000000
0.050336 0.776169 0.000000 0.350619 2.000000
0.077181 0.762806 0.000000 0.406252 3.000000
-0.151007 0.675947 0.000000 0.327688 2.000000
-0.191275 0.669265 0.000000 0.552745 3.000000
-0.030201 0.622494 0.000000 0.657794 3.000000
0.003356 0.695991 0.000000 0.369301 2.000000
-0.030201 0.849666 0.000000 0.565444 3.000000
0.016779 0.261693 0.000000 0.635991 3.000000
0.003356 0.468820 0.000000 0.299946 2.000000
-0.016779 -0.206013 0.000000 0.000000 0.000000
