0.016779 0.963252 0.000000 0.226923 2.000000
0.057047 1.190420 0.000000 0.734260 3.000000
-0.003356 0.709354 0.000000 0.372550 2.000000
0.023490 0.562361 0.000000 0.669510 3.000000
0.016779 0.321826 0.000000 0.458497 2.000000
0.016779 0.268374 0.000000 0.640798 3.000000
0.104027 0.502227 0.000000 0.094862 2.000000
0.130872 0.488864 0.000000 0.151953 3.000000
0.063758 -0.172606 0.000000 0.188456 2.000000
0.057047 -0.172606 0.000000 0.243780 3.000000
-0.063758 -0.125835 0.000000 0.234602 2.000000
-0.063758 -0.139198 0.000000 0.283198 3.000000
-0.050336 -0.119154 0.000000 0.268379 2.000000
-0.057047 -0.125835 0.000000 0.335261 3.000000
-0.050336 -0.112472 0.000000 0.349763 3.000000
-0.043624 -0.105791 0.000000 0.267900 2.000000
0.050336 -0.105791 0.000000 0.287338 2.000000
0.050336 -0.112472 0.000000 0.352740 3.000000
-0.030201 -0.099109 0.000000 0.288353 2.000000
-0.023490 -0.092428 0.000000 0.359026 3.000000
-0.036913 -0.099109 0.000000 0.369033 3.000000
-0.003356 -0.079065 0.000000 0.213775 2.000000
0.036913 -0.099109 0.000000 0.372083 3.000000
0.010067 -0.079065 0.000000 0.217095 2.000000
0.050336 0.782851 0.000000 0.357223 2.000000
0.077181 0.762806 0.000000 0.419326 3.000000
-0.124161 0.682628 0.000000 0.311964 2.000000
-0.191275 0.662584 0.000000 0.552632 3.000000
-0.030201 0.856347 0.000000 0.562271 3.000000
-0.003356 0.415367 0.000000 0.621532 3.000000
-0.010067 0.462138 0.000000 0.293032 2.000000
-0.016779 -0.206013 0.000000 0.000000 0.000000
