0.003356 0.929844 0.000000 0.222849 2.000000
0.050336 1.157020 0.000000 0.744345 3.000000
-0.003356 0.288419 0.000000 0.507091 2.000000
-0.003356 0.341871 0.000000 0.747844 3.000000
0.104027 0.488864 0.000000 0.088460 2.000000
0.130872 0.488864 0.000000 0.149900 3.000000
-0.036913 0.602450 0.000000 0.613770 2.000000
-0.023490 0.562361 0.000000 0.715200 3.000000
-0.043624 0.629176 0.000000 0.674065 3.000000
-0.003356 0.528953 0.000000 0.587021 2.000000
0.063758 -0.172606 0.000000 0.187470 2.000000
0.057047 -0.172606 0.000000 0.243224 3.000000
0.023490 0.508909 0.000000 0.653468 3.000000
-0.063758 -0.125835 0.000000 0.233831 2.000000
-0.063758 -0.139198 0.000000 0.282651 3.000000
-0.043624 0.689310 0.000000 0.375312 2.000000
-0.050336 -0.119154 0.000000 0.268239 2.000000
-0.057047 -0.125835 0.000000 0.334939 3.000000
-0.050336 -0.112472 0.000000 0.349574 3.000000
-0.043624 -0.105791 0.000000 0.267862 2.000000
0.050336 -0.105791 0.000000 0.286313 2.000000
0.050336 -0.112472 0.000000 0.352110 3.000000
-0.030201 -0.099109 0.000000 0.288654 2.000000
-0.023490 -0.092428 0.000000 0.359660 3.000000
-0.036913 -0.099109 0.000000 0.369202 3.000000
-0.003356 -0.079065 0.000000 0.214495 2.000000
0.036913 -0.099109 0.000000 0.371596 3.000000
0.010067 -0.079065 0.000000 0.216669 2.000000
-0.137584 0.689310 0.000000 0.316544 2.000000
-0.171141 0.682628 0.000000 0.524988 3.000000
-0.003356 0.789532 0.000000 0.488669 2.000000
0.010067 0.769488 0.000000 0.542627 3.000000
-0.030201 0.822940 0.000000 0.563944 3.000000
0.010067 0.214922 0.000000 0.624740 3.000000
0.016779 0.428731 0.000000 0.290422 2.000000
-0.016779 -0.206013 0.000000 0.000000 0.000000
