0.097315 1.183740 0.000000 0.662244 2.000000
0.057047 1.203790 0.000000 0.730736 3.000000
0.130872 1.177060 0.000000 0.710661 3.000000
0.110738 0.502227 0.000000 0.092934 2.000000
0.130872 0.495546 0.000000 0.151000 3.000000
-0.010067 0.736080 0.000000 0.374100 2.000000
0.023490 0.575724 0.000000 0.651056 3.000000
0.023490 0.315145 0.000000 0.498795 2.000000
0.016779 0.281737 0.000000 0.650520 3.000000
0.063758 -0.172606 0.000000 0.189021 2.000000
0.057047 -0.172606 0.000000 0.244172 3.000000
-0.063758 -0.125835 0.000000 0.235114 2.000000
-0.063758 -0.139198 0.000000 0.283567 3.000000
-0.050336 -0.119154 0.000000 0.268631 2.000000
-0.057047 -0.125835 0.000000 0.335602 3.000000
-0.050336 -0.112472 0.000000 0.350125 3.000000
-0.043624 -0.105791 0.000000 0.268174 2.000000
0.050336 -0.105791 0.000000 0.287841 2.000000
0.050336 -0.112472 0.000000 0.353085 3.000000
-0.030201 -0.099109 0.000000 0.288580 2.000000
-0.023490 -0.092428 0.000000 0.359272 3.000000
-0.036913 -0.099109 0.000000 0.369383 3.000000
-0.003356 -0.079065 0.000000 0.213616 2.000000
0.036913 -0.099109 0.000000 0.372313 3.000000
0.010067 -0.079065 0.000000 0.217184 2.000000
0.010067 0.381960 0.000000 0.477373 2.000000
-0.003356 0.402004 0.000000 0.602939 3.000000
0.023490 0.976615 0.000000 0.229780 2.000000
0.050336 0.796214 0.000000 0.366322 2.000000
0.077181 0.769488 0.000000 0.445491 3.000000
0.010067 0.335189 0.000000 0.574592 3.000000
-0.130872 0.682628 0.000000 0.269521 2.000000
-0.197987 0.655902 0.000000 0.558835 3.000000
-0.016779 0.475501 0.000000 0.274966 2.000000
-0.023490 0.869710 0.000000 0.561212 3.000000
-0.016779 -0.206013 0.000000 0.000000 0.000000
