0.090604 1.163700 0.000000 0.673701 2.000000
0.050336 1.177060 0.000000 0.738482 3.000000
0.124161 1.157020 0.000000 0.719466 3.000000
0.110738 0.495546 0.000000 0.095487 2.000000
0.130872 0.488864 0.000000 0.154316 3.000000
-0.010067 0.321826 0.000000 0.423534 2.000000
-0.003356 0.395323 0.000000 0.681072 3.000000
0.063758 -0.172606 0.000000 0.188122 2.000000
0.057047 -0.172606 0.000000 0.243574 3.000000
-0.063758 -0.125835 0.000000 0.234279 2.000000
-0.063758 -0.139198 0.000000 0.282929 3.000000
-0.050336 -0.119154 0.000000 0.268272 2.000000
-0.057047 -0.125835 0.000000 0.335070 3.000000
-0.050336 -0.112472 0.000000 0.349621 3.000000
-0.043624 -0.105791 0.000000 0.267824 2.000000
0.050336 -0.105791 0.000000 0.286929 2.000000
0.050336 -0.112472 0.000000 0.352445 3.000000
-0.030201 -0.099109 0.000000 0.288378 2.000000
-0.023490 -0.092428 0.000000 0.359154 3.000000
0.010067 0.956570 0.000000 0.225776 2.000000
-0.036913 -0.099109 0.000000 0.368998 3.000000
-0.003356 -0.079065 0.000000 0.213969 2.000000
-0.003356 0.562361 0.000000 0.599535 2.000000
0.023490 0.548998 0.000000 0.670430 3.000000
0.036913 -0.099109 0.000000 0.371813 3.000000
0.010067 -0.079065 0.000000 0.216890 2.000000
-0.030201 0.615813 0.000000 0.666387 3.000000
0.057047 0.769488 0.000000 0.344812 2.000000
0.077181 0.756125 0.000000 0.396154 3.000000
0.003356 0.689310 0.000000 0.367130 2.000000
-0.151007 0.682628 0.000000 0.323741 2.000000
-0.184564 0.669265 0.000000 0.541811 3.000000
-0.030201 0.842984 0.000000 0.564204 3.000000
0.016779 0.255011 0.000000 0.640471 3.000000
0.003356 0.462138 0.000000 0.299206 2.000000
-0.016779 -0.206013 0.000000 0.000000 0.000000
