-0.003356 0.275056 0.000000 0.543418 2.000000
-0.003356 0.321826 0.000000 0.746609 3.000000
0.104027 0.482183 0.000000 0.086600 2.000000
0.124161 0.482183 0.000000 0.147471 3.000000
0.003356 0.923163 0.000000 0.222935 2.000000
0.043624 1.143650 0.000000 0.745775 3.000000
-0.036913 0.589087 0.000000 0.630476 2.000000
-0.023490 0.548998 0.000000 0.710137 3.000000
-0.030201 0.609131 0.000000 0.693585 3.000000
-0.003356 0.522272 0.000000 0.580967 2.000000
0.063758 -0.172606 0.000000 0.187048 2.000000
0.057047 -0.172606 0.000000 0.242892 3.000000
-0.063758 -0.125835 0.000000 0.233554 2.000000
-0.063758 -0.139198 0.000000 0.282394 3.000000
0.023490 0.502227 0.000000 0.635495 3.000000
-0.050336 -0.119154 0.000000 0.268155 2.000000
-0.057047 -0.125835 0.000000 0.334766 3.000000
-0.050336 -0.112472 0.000000 0.349482 3.000000
-0.036913 0.669265 0.000000 0.386362 2.000000
-0.043624 -0.105791 0.000000 0.267843 2.000000
0.050336 -0.105791 0.000000 0.286014 2.000000
0.050336 -0.112472 0.000000 0.351881 3.000000
-0.030201 -0.099109 0.000000 0.288729 2.000000
-0.023490 -0.092428 0.000000 0.359806 3.000000
-0.036913 -0.099109 0.000000 0.369248 3.000000
-0.003356 -0.079065 0.000000 0.214628 2.000000
0.036913 -0.099109 0.000000 0.371443 3.000000
0.010067 -0.079065 0.000000 0.216545 2.000000
-0.077181 0.649220 0.000000 0.349029 2.000000
-0.110738 0.669265 0.000000 0.399689 3.000000
-0.130872 0.682628 0.000000 0.319499 2.000000
-0.171141 0.682628 0.000000 0.518186 3.000000
-0.010067 0.782851 0.000000 0.482755 2.000000
0.010067 0.756125 0.000000 0.541508 3.000000
0.010067 0.208241 0.000000 0.616301 3.000000
-0.030201 0.816258 0.000000 0.561594 3.000000
0.016779 0.415367 0.000000 0.281994 2.000000
-0.016779 -0.206013 0.000000 0.000000 0.000000
