0.010067 0.936526 0.000000 0.223668 2.000000
0.050336 1.163700 0.000000 0.742627 3.000000
-0.010067 0.315145 0.000000 0.476892 2.000000
-0.003356 0.368597 0.000000 0.734588 3.000000
0.104027 0.495546 0.000000 0.091894 2.000000
0.130872 0.488864 0.000000 0.152975 3.000000
0.063758 -0.172606 0.000000 0.187817 2.000000
0.057047 -0.172606 0.000000 0.243454 3.000000
-0.063758 -0.125835 0.000000 0.234045 2.000000
-0.063758 -0.139198 0.000000 0.282816 3.000000
-0.050336 -0.119154 0.000000 0.268263 2.000000
-0.057047 -0.125835 0.000000 0.335023 3.000000
-0.050336 -0.112472 0.000000 0.349595 3.000000
-0.003356 0.542316 0.000000 0.589953 2.000000
-0.023490 0.582405 0.000000 0.698815 3.000000
-0.043624 -0.105791 0.000000 0.267832 2.000000
0.050336 -0.105791 0.000000 0.286563 2.000000
0.050336 -0.112472 0.000000 0.352256 3.000000
-0.030201 -0.099109 0.000000 0.288516 2.000000
-0.023490 -0.092428 0.000000 0.359425 3.000000
0.057047 0.749443 0.000000 0.315155 2.000000
0.083893 0.749443 0.000000 0.360880 3.000000
0.016779 0.522272 0.000000 0.662667 3.000000
-0.043624 0.622494 0.000000 0.584471 2.000000
-0.036913 -0.099109 0.000000 0.369087 3.000000
-0.050336 0.649220 0.000000 0.642183 3.000000
-0.003356 -0.079065 0.000000 0.214284 2.000000
-0.043624 0.709354 0.000000 0.355444 2.000000
0.036913 -0.099109 0.000000 0.371669 3.000000
0.010067 -0.079065 0.000000 0.216755 2.000000
-0.144295 0.682628 0.000000 0.320555 2.000000
-0.177852 0.675947 0.000000 0.533263 3.000000
-0.030201 0.829621 0.000000 0.565280 3.000000
0.010067 0.228285 0.000000 0.625892 3.000000
0.010067 0.442094 0.000000 0.297124 2.000000
-0.016779 -0.206013 0.000000 0.000000 0.000000
