-0.003356 0.702673 0.000000 0.371127 2.000000
0.023490 0.555679 0.000000 0.672323 3.000000
0.010067 0.963252 0.000000 0.226663 2.000000
0.050336 1.183740 0.000000 0.735111 3.000000
0.104027 0.502227 0.000000 0.095839 2.000000
0.130872 0.488864 0.000000 0.153274 3.000000
0.063758 -0.172606 0.000000 0.188330 2.000000
0.057047 -0.172606 0.000000 0.243706 3.000000
-0.063758 -0.125835 0.000000 0.234483 2.000000
-0.063758 -0.139198 0.000000 0.283105 3.000000
-0.050336 -0.119154 0.000000 0.268342 2.000000
-0.057047 -0.125835 0.000000 0.335195 3.000000
-0.050336 -0.112472 0.000000 0.349710 3.000000
-0.043624 -0.105791 0.000000 0.267869 2.000000
0.050336 -0.105791 0.000000 0.287185 2.000000
0.050336 -0.112472 0.000000 0.352634 3.000000
-0.030201 -0.099109 0.000000 0.288351 2.000000
-0.023490 -0.092428 0.000000 0.359054 3.000000
-0.036913 -0.099109 0.000000 0.369009 3.000000
-0.003356 -0.079065 0.000000 0.213839 2.000000
0.036913 -0.099109 0.000000 0.371988 3.000000
0.010067 -0.079065 0.000000 0.217043 2.000000
0.050336 0.776169 0.000000 0.353146 2.000000
0.077181 0.762806 0.000000 0.411166 3.000000
-0.117450 0.682628 0.000000 0.324162 2.000000
-0.191275 0.669265 0.000000 0.553235 3.000000
-0.030201 0.849666 0.000000 0.563827 3.000000
0.016779 0.321826 0.000000 0.436098 2.000000
-0.003356 0.408686 0.000000 0.641962 3.000000
0.016779 0.261693 0.000000 0.642316 3.000000
-0.003356 0.455457 0.000000 0.297221 2.000000
-0.016779 -0.206013 0.000000 0.000000 0.000000
