0.097315 1.190420 0.000000 0.660660 2.000000
0.057047 1.203790 0.000000 0.730403 3.000000
0.130872 1.177060 0.000000 0.709813 3.000000
0.003356 0.221604 0.000000 0.543009 2.000000
0.016779 0.288419 0.000000 0.658749 3.000000
-0.003356 0.736080 0.000000 0.372746 2.000000
0.023490 0.582405 0.000000 0.649195 3.000000
0.110738 0.502227 0.000000 0.092932 2.000000
0.130872 0.495546 0.000000 0.151356 3.000000
0.063758 -0.172606 0.000000 0.189076 2.000000
0.057047 -0.172606 0.000000 0.244199 3.000000
0.016779 0.381960 0.000000 0.476831 2.000000
-0.003356 0.408686 0.000000 0.605527 3.000000
-0.063758 -0.125835 0.000000 0.235187 2.000000
-0.063758 -0.139198 0.000000 0.283632 3.000000
0.016779 0.983296 0.000000 0.230065 2.000000
-0.050336 -0.119154 0.000000 0.268651 2.000000
-0.057047 -0.125835 0.000000 0.335644 3.000000
-0.050336 -0.112472 0.000000 0.350151 3.000000
-0.043624 -0.105791 0.000000 0.268185 2.000000
0.050336 -0.105791 0.000000 0.287939 2.000000
0.050336 -0.112472 0.000000 0.353158 3.000000
-0.030201 -0.099109 0.000000 0.288570 2.000000
-0.023490 -0.092428 0.000000 0.359237 3.000000
-0.036913 -0.099109 0.000000 0.369382 3.000000
0.003356 0.208241 0.000000 0.587225 3.000000
0.023490 0.315145 0.000000 0.487626 2.000000
-0.003356 -0.079065 0.000000 0.213563 2.000000
0.036913 -0.099109 0.000000 0.372392 3.000000
0.010067 -0.079065 0.000000 0.217281 2.000000
0.043624 0.802895 0.000000 0.366416 2.000000
0.077181 0.769488 0.000000 0.448897 3.000000
0.016779 0.335189 0.000000 0.578656 3.000000
-0.137584 0.682628 0.000000 0.264568 2.000000
-0.197987 0.655902 0.000000 0.555113 3.000000
-0.016779 0.475501 0.000000 0.272083 2.000000
-0.023490 0.876392 0.000000 0.561338 3.000000
-0.016779 -0.206013 0.000000 0.000000 0.000000
