0.010067 0.943207 0.000000 0.223945 2.000000
0.050336 1.170380 0.000000 0.742173 3.000000
-0.010067 0.321826 0.000000 0.468955 2.000000
-0.003356 0.375278 0.000000 0.723115 3.000000
0.104027 0.495546 0.000000 0.092921 2.000000
0.130872 0.488864 0.000000 0.153848 3.000000
-0.003356 0.542316 0.000000 0.592200 2.000000
-0.030201 0.602450 0.000000 0.689056 3.000000
0.023490 0.528953 0.000000 0.667520 3.000000
0.063758 -0.172606 0.000000 0.187801 2.000000
0.057047 -0.172606 0.000000 0.243386 3.000000
-0.043624 0.629176 0.000000 0.577626 2.000000
-0.057047 0.655902 0.000000 0.635312 3.000000
-0.063758 -0.125835 0.000000 0.234010 2.000000
-0.063758 -0.139198 0.000000 0.282741 3.000000
-0.050336 -0.119154 0.000000 0.268184 2.000000
-0.057047 -0.125835 0.000000 0.334930 3.000000
-0.050336 -0.112472 0.000000 0.349496 3.000000
0.010067 0.228285 0.000000 0.627952 3.000000
-0.043624 -0.105791 0.000000 0.267751 2.000000
0.050336 -0.105791 0.000000 0.286612 2.000000
0.050336 -0.112472 0.000000 0.352244 3.000000
-0.030201 -0.099109 0.000000 0.288392 2.000000
-0.023490 -0.092428 0.000000 0.359241 3.000000
0.003356 0.669265 0.000000 0.357265 2.000000
-0.036913 -0.099109 0.000000 0.368953 3.000000
-0.003356 -0.079065 0.000000 0.214155 2.000000
0.036913 -0.099109 0.000000 0.371675 3.000000
0.010067 -0.079065 0.000000 0.216828 2.000000
0.057047 0.756125 0.000000 0.325255 2.000000
0.083893 0.749443 0.000000 0.373399 3.000000
-0.144295 0.682628 0.000000 0.322996 2.000000
-0.184564 0.675947 0.000000 0.539359 3.000000
0.010067 0.448775 0.000000 0.299373 2.000000
-0.030201 0.836303 0.000000 0.566393 3.000000
-0.016779 -0.206013 0.000000 0.000000 0.000000
