0.090604 1.157020 0.000000 0.675356 2.000000
0.050336 1.177060 0.000000 0.739129 3.000000
0.110738 0.495546 0.000000 0.094947 2.000000
0.130872 0.488864 0.000000 0.154470 3.000000
0.124161 1.150330 0.000000 0.719849 3.000000
-0.010067 0.321826 0.000000 0.436947 2.000000
0.003356 0.381960 0.000000 0.682512 3.000000
0.063758 -0.172606 0.000000 0.188032 2.000000
0.057047 -0.172606 0.000000 0.243506 3.000000
-0.063758 -0.125835 0.000000 0.234226 2.000000
-0.063758 -0.139198 0.000000 0.282907 3.000000
0.010067 0.949889 0.000000 0.224972 2.000000
-0.050336 -0.119154 0.000000 0.268239 2.000000
-0.057047 -0.125835 0.000000 0.335037 3.000000
-0.050336 -0.112472 0.000000 0.349568 3.000000
-0.043624 -0.105791 0.000000 0.267778 2.000000
0.050336 -0.105791 0.000000 0.286896 2.000000
0.050336 -0.112472 0.000000 0.352432 3.000000
-0.030201 -0.099109 0.000000 0.288327 2.000000
-0.023490 -0.092428 0.000000 0.359084 3.000000
-0.036913 -0.099109 0.000000 0.368928 3.000000
-0.003356 -0.079065 0.000000 0.213975 2.000000
0.036913 -0.099109 0.000000 0.371835 3.000000
0.010067 -0.079065 0.000000 0.216940 2.000000
0.057047 0.762806 0.000000 0.341592 2.000000
0.077181 0.756125 0.000000 0.392476 3.000000
-0.003356 0.555679 0.000000 0.597225 2.000000
0.023490 0.542316 0.000000 0.671414 3.000000
-0.151007 0.682628 0.000000 0.325132 2.000000
-0.184564 0.669265 0.000000 0.542246 3.000000
-0.030201 0.615813 0.000000 0.667873 3.000000
0.003356 0.689310 0.000000 0.365431 2.000000
-0.030201 0.842984 0.000000 0.566013 3.000000
-0.050336 0.649220 0.000000 0.558137 2.000000
0.016779 0.255011 0.000000 0.632580 3.000000
0.010067 0.455457 0.000000 0.299905 2.000000
-0.063758 0.669265 0.000000 0.605999 3.000000
-0.016779 -0.206013 0.000000 0.000000 0.000000
