0.097315 1.177060 0.000000 0.666468 2.000000
0.057047 1.197100 0.000000 0.733065 3.000000
0.110738 0.502227 0.000000 0.093181 2.000000
0.130872 0.495546 0.000000 0.149272 3.000000
0.130872 1.170380 0.000000 0.713470 3.000000
-0.003356 0.722717 0.000000 0.373483 2.000000
0.023490 0.569042 0.000000 0.661265 3.000000
0.016779 0.969933 0.000000 0.228790 2.000000
0.063758 -0.172606 0.000000 0.188775 2.000000
0.057047 -0.172606 0.000000 0.244001 3.000000
-0.063758 -0.125835 0.000000 0.234905 2.000000
-0.063758 -0.139198 0.000000 0.283428 3.000000
-0.050336 -0.119154 0.000000 0.268522 2.000000
-0.057047 -0.125835 0.000000 0.335466 3.000000
-0.050336 -0.112472 0.000000 0.349964 3.000000
-0.043624 -0.105791 0.000000 0.268045 2.000000
0.050336 -0.105791 0.000000 0.287636 2.000000
0.050336 -0.112472 0.000000 0.352948 3.000000
-0.030201 -0.099109 0.000000 0.288454 2.000000
-0.023490 -0.092428 0.000000 0.359112 3.000000
-0.036913 -0.099109 0.000000 0.369204 3.000000
-0.003356 -0.079065 0.000000 0.213674 2.000000
0.036913 -0.099109 0.000000 0.372236 3.000000
0.010067 -0.079065 0.000000 0.217172 2.000000
0.050336 0.782851 0.000000 0.363556 2.000000
0.077181 0.769488 0.000000 0.433959 3.000000
-0.124161 0.682628 0.000000 0.286875 2.000000
-0.197987 0.655902 0.000000 0.558941 3.000000
-0.023490 0.869710 0.000000 0.560937 3.000000
0.023490 0.301782 0.000000 0.518332 2.000000
0.016779 0.275056 0.000000 0.652978 3.000000
-0.003356 0.415367 0.000000 0.534901 2.000000
-0.003356 0.395323 0.000000 0.589873 3.000000
-0.016779 0.435412 0.000000 0.579648 3.000000
0.016779 0.368597 0.000000 0.467251 2.000000
0.010067 0.321826 0.000000 0.568206 3.000000
-0.016779 0.475501 0.000000 0.281552 2.000000
-0.016779 -0.206013 0.000000 0.000000 0.000000
