0.010067 0.936526 0.000000 0.223272 2.000000
0.050336 1.163700 0.000000 0.743415 3.000000
0.104027 0.495546 0.000000 0.091277 2.000000
0.130872 0.488864 0.000000 0.152500 3.000000
-0.010067 0.308463 0.000000 0.489909 2.000000
-0.003356 0.361915 0.000000 0.737992 3.000000
0.063758 -0.172606 0.000000 0.187649 2.000000
0.057047 -0.172606 0.000000 0.243304 3.000000
-0.063758 -0.125835 0.000000 0.233918 2.000000
-0.063758 -0.139198 0.000000 0.282694 3.000000
-0.050336 -0.119154 0.000000 0.268188 2.000000
-0.057047 -0.125835 0.000000 0.334916 3.000000
-0.050336 -0.112472 0.000000 0.349497 3.000000
-0.043624 -0.105791 0.000000 0.267767 2.000000
0.050336 -0.105791 0.000000 0.286460 2.000000
0.050336 -0.112472 0.000000 0.352163 3.000000
-0.030201 -0.099109 0.000000 0.288459 2.000000
-0.023490 -0.092428 0.000000 0.359354 3.000000
-0.036913 -0.099109 0.000000 0.369004 3.000000
-0.043624 0.622494 0.000000 0.590039 2.000000
-0.030201 0.589087 0.000000 0.705501 3.000000
-0.003356 -0.079065 0.000000 0.214283 2.000000
0.036913 -0.099109 0.000000 0.371628 3.000000
0.010067 -0.079065 0.000000 0.216783 2.000000
-0.144295 0.689310 0.000000 0.320206 2.000000
-0.177852 0.675947 0.000000 0.534100 3.000000
-0.010067 0.542316 0.000000 0.589679 2.000000
0.023490 0.522272 0.000000 0.663605 3.000000
-0.050336 0.642539 0.000000 0.652996 3.000000
-0.010067 0.802895 0.000000 0.493398 2.000000
0.010067 0.782851 0.000000 0.539468 3.000000
-0.043624 0.702673 0.000000 0.360074 2.000000
-0.030201 0.829621 0.000000 0.566100 3.000000
0.010067 0.221604 0.000000 0.627554 3.000000
0.010067 0.442094 0.000000 0.295579 2.000000
-0.016779 -0.206013 0.000000 0.000000 0.000000
