0.104027 0.495546 0.000000 0.092671 2.000000
0.130872 0.488864 0.000000 0.153566 3.000000
0.010067 0.943207 0.000000 0.223730 2.000000
0.050336 1.170380 0.000000 0.742274 3.000000
0.063758 -0.172606 0.000000 0.187680 2.000000
0.057047 -0.172606 0.000000 0.243282 3.000000
-0.063758 -0.125835 0.000000 0.233932 2.000000
-0.063758 -0.139198 0.000000 0.282687 3.000000
-0.050336 -0.119154 0.000000 0.268137 2.000000
-0.057047 -0.125835 0.000000 0.334871 3.000000
-0.050336 -0.112472 0.000000 0.349428 3.000000
-0.043624 -0.105791 0.000000 0.267700 2.000000
0.050336 -0.105791 0.000000 0.286541 2.000000
0.050336 -0.112472 0.000000 0.352190 3.000000
-0.030201 -0.099109 0.000000 0.288348 2.000000
-0.023490 -0.092428 0.000000 0.359183 3.000000
0.057047 0.756125 0.000000 0.320553 2.000000
0.083893 0.749443 0.000000 0.367553 3.000000
-0.036913 -0.099109 0.000000 0.368886 3.000000
-0.003356 -0.079065 0.000000 0.214165 2.000000
0.036913 -0.099109 0.000000 0.371664 3.000000
0.010067 -0.079065 0.000000 0.216852 2.000000
-0.144295 0.682628 0.000000 0.321738 2.000000
-0.184564 0.675947 0.000000 0.536157 3.000000
0.003356 0.662584 0.000000 0.355767 2.000000
-0.030201 0.836303 0.000000 0.565364 3.000000
-0.003356 0.315145 0.000000 0.481284 2.000000
-0.003356 0.368597 0.000000 0.725506 3.000000
-0.003356 0.542316 0.000000 0.590935 2.000000
-0.030201 0.595768 0.000000 0.698668 3.000000
0.023490 0.528953 0.000000 0.667606 3.000000
0.010067 0.228285 0.000000 0.629354 3.000000
-0.043624 0.629176 0.000000 0.582845 2.000000
-0.050336 0.649220 0.000000 0.636319 3.000000
0.010067 0.442094 0.000000 0.298469 2.000000
-0.016779 -0.206013 0.000000 0.000000 0.000000
