0.010067 0.949889 0.000000 0.224622 2.000000
0.050336 1.170380 0.000000 0.739434 3.000000
-0.010067 0.315145 0.000000 0.449673 2.000000
-0.003356 0.388641 0.000000 0.698868 3.000000
-0.003356 0.555679 0.000000 0.595344 2.000000
-0.030201 0.609131 0.000000 0.676558 3.000000
0.110738 0.495546 0.000000 0.094283 2.000000
0.130872 0.488864 0.000000 0.154427 3.000000
0.023490 0.542316 0.000000 0.669932 3.000000
0.063758 -0.172606 0.000000 0.187981 2.000000
0.057047 -0.172606 0.000000 0.243483 3.000000
-0.063758 -0.125835 0.000000 0.234164 2.000000
-0.063758 -0.139198 0.000000 0.282845 3.000000
0.016779 0.248330 0.000000 0.634302 3.000000
-0.050336 0.642539 0.000000 0.561841 2.000000
-0.050336 -0.119154 0.000000 0.268227 2.000000
-0.057047 -0.125835 0.000000 0.335003 3.000000
-0.050336 -0.112472 0.000000 0.349557 3.000000
-0.043624 -0.105791 0.000000 0.267783 2.000000
0.050336 -0.105791 0.000000 0.286808 2.000000
0.050336 -0.112472 0.000000 0.352367 3.000000
-0.030201 -0.099109 0.000000 0.288364 2.000000
-0.023490 -0.092428 0.000000 0.359162 3.000000
-0.036913 -0.099109 0.000000 0.368959 3.000000
-0.063758 0.669265 0.000000 0.611599 3.000000
-0.003356 -0.079065 0.000000 0.214038 2.000000
0.003356 0.682628 0.000000 0.363946 2.000000
0.036913 -0.099109 0.000000 0.371766 3.000000
0.010067 -0.079065 0.000000 0.216865 2.000000
0.010067 0.455457 0.000000 0.300420 2.000000
0.057047 0.762806 0.000000 0.338035 2.000000
0.077181 0.756125 0.000000 0.388130 3.000000
-0.151007 0.682628 0.000000 0.326571 2.000000
-0.184564 0.675947 0.000000 0.543086 3.000000
-0.030201 0.842984 0.000000 0.566283 3.000000
-0.016779 -0.206013 0.000000 0.000000 0.000000
