0.010067 0.943207 0.000000 0.224337 2.000000
0.050336 1.170380 0.000000 0.741702 3.000000
-0.003356 0.321826 0.000000 0.469555 2.000000
0.003356 0.368597 0.000000 0.714590 3.000000
0.104027 0.495546 0.000000 0.093120 2.000000
0.130872 0.488864 0.000000 0.154170 3.000000
0.063758 -0.172606 0.000000 0.187871 2.000000
0.057047 -0.172606 0.000000 0.243429 3.000000
-0.063758 -0.125835 0.000000 0.234088 2.000000
-0.063758 -0.139198 0.000000 0.282802 3.000000
-0.050336 -0.119154 0.000000 0.268217 2.000000
-0.057047 -0.125835 0.000000 0.334980 3.000000
-0.050336 -0.112472 0.000000 0.349538 3.000000
-0.003356 0.548998 0.000000 0.592585 2.000000
-0.030201 0.602450 0.000000 0.688331 3.000000
-0.043624 -0.105791 0.000000 0.267774 2.000000
0.050336 -0.105791 0.000000 0.286695 2.000000
0.050336 -0.112472 0.000000 0.352304 3.000000
-0.030201 -0.099109 0.000000 0.288379 2.000000
-0.023490 -0.092428 0.000000 0.359187 3.000000
-0.036913 -0.099109 0.000000 0.368959 3.000000
-0.003356 -0.079065 0.000000 0.214100 2.000000
0.036913 -0.099109 0.000000 0.371729 3.000000
0.010067 -0.079065 0.000000 0.216888 2.000000
0.023490 0.535635 0.000000 0.669354 3.000000
0.057047 0.756125 0.000000 0.329069 2.000000
0.083893 0.749443 0.000000 0.378523 3.000000
-0.043624 0.635857 0.000000 0.572299 2.000000
-0.144295 0.682628 0.000000 0.324291 2.000000
-0.184564 0.675947 0.000000 0.541897 3.000000
0.010067 0.214922 0.000000 0.553202 2.000000
0.010067 0.234967 0.000000 0.625598 3.000000
-0.057047 0.655902 0.000000 0.621494 3.000000
0.003356 0.675947 0.000000 0.360207 2.000000
-0.030201 0.836303 0.000000 0.565937 3.000000
0.003356 0.174833 0.000000 0.598141 3.000000
0.010067 0.448775 0.000000 0.299973 2.000000
-0.016779 -0.206013 0.000000 0.000000 0.000000
