-0.003356 0.281737 0.000000 0.534997 2.000000
-0.003356 0.328508 0.000000 0.748688 3.000000
0.003356 0.923163 0.000000 0.222573 2.000000
0.050336 1.150330 0.000000 0.744772 3.000000
0.104027 0.482183 0.000000 0.086315 2.000000
0.124161 0.482183 0.000000 0.147927 3.000000
-0.036913 0.595768 0.000000 0.626899 2.000000
-0.023490 0.548998 0.000000 0.713993 3.000000
0.063758 -0.172606 0.000000 0.187107 2.000000
0.057047 -0.172606 0.000000 0.242926 3.000000
-0.063758 -0.125835 0.000000 0.233578 2.000000
-0.063758 -0.139198 0.000000 0.282407 3.000000
-0.036913 0.615813 0.000000 0.693988 3.000000
-0.050336 -0.119154 0.000000 0.268143 2.000000
-0.057047 -0.125835 0.000000 0.334761 3.000000
-0.050336 -0.112472 0.000000 0.349464 3.000000
-0.043624 -0.105791 0.000000 0.267821 2.000000
-0.003356 0.522272 0.000000 0.581859 2.000000
0.050336 -0.105791 0.000000 0.286054 2.000000
0.050336 -0.112472 0.000000 0.351898 3.000000
-0.030201 -0.099109 0.000000 0.288688 2.000000
-0.023490 -0.092428 0.000000 0.359744 3.000000
-0.036913 -0.099109 0.000000 0.369205 3.000000
0.023490 0.502227 0.000000 0.642128 3.000000
-0.003356 -0.079065 0.000000 0.214594 2.000000
0.036913 -0.099109 0.000000 0.371456 3.000000
0.010067 -0.079065 0.000000 0.216562 2.000000
-0.036913 0.669265 0.000000 0.383667 2.000000
-0.083893 0.655902 0.000000 0.353241 2.000000
-0.110738 0.669265 0.000000 0.398898 3.000000
-0.137584 0.689310 0.000000 0.319621 2.000000
-0.171141 0.682628 0.000000 0.521951 3.000000
-0.003356 0.782851 0.000000 0.483515 2.000000
0.010067 0.762806 0.000000 0.543030 3.000000
-0.030201 0.816258 0.000000 0.562631 3.000000
0.010067 0.208241 0.000000 0.617408 3.000000
0.016779 0.422049 0.000000 0.284408 2.000000
-0.016779 -0.206013 0.000000 0.000000 0.000000
