0.097315 1.177060 0.000000 0.668692 2.000000
0.057047 1.190420 0.000000 0.733498 3.000000
0.110738 0.502227 0.000000 0.094227 2.000000
0.130872 0.488864 0.000000 0.149915 3.000000
0.130872 1.170380 0.000000 0.714268 3.000000
-0.003356 0.716036 0.000000 0.373242 2.000000
0.023490 0.569042 0.000000 0.665328 3.000000
0.016779 0.969933 0.000000 0.227545 2.000000
0.063758 -0.172606 0.000000 0.188627 2.000000
0.057047 -0.172606 0.000000 0.243902 3.000000
-0.063758 -0.125835 0.000000 0.234766 2.000000
-0.063758 -0.139198 0.000000 0.283327 3.000000
-0.050336 -0.119154 0.000000 0.268459 2.000000
-0.057047 -0.125835 0.000000 0.335377 3.000000
-0.050336 -0.112472 0.000000 0.349873 3.000000
-0.043624 -0.105791 0.000000 0.267978 2.000000
0.050336 -0.105791 0.000000 0.287491 2.000000
0.050336 -0.112472 0.000000 0.352849 3.000000
-0.030201 -0.099109 0.000000 0.288404 2.000000
-0.023490 -0.092428 0.000000 0.359064 3.000000
-0.036913 -0.099109 0.000000 0.369121 3.000000
-0.003356 -0.079065 0.000000 0.213727 2.000000
0.036913 -0.099109 0.000000 0.372163 3.000000
0.010067 -0.079065 0.000000 0.217125 2.000000
0.050336 0.782851 0.000000 0.360742 2.000000
0.077181 0.762806 0.000000 0.426021 3.000000
0.016779 0.328508 0.000000 0.478934 2.000000
0.023490 0.348552 0.000000 0.524234 3.000000
-0.124161 0.682628 0.000000 0.298132 2.000000
-0.197987 0.662584 0.000000 0.557619 3.000000
-0.023490 0.863029 0.000000 0.562182 3.000000
0.016779 0.268374 0.000000 0.641964 3.000000
0.023490 0.368597 0.000000 0.470096 2.000000
-0.016779 0.428731 0.000000 0.599527 3.000000
-0.016779 0.468820 0.000000 0.284885 2.000000
-0.016779 -0.206013 0.000000 0.000000 0.000000
