0.010067 0.929844 0.000000 0.223472 2.000000
0.050336 1.163700 0.000000 0.743361 3.000000
-0.010067 0.301782 0.000000 0.497537 2.000000
-0.003356 0.355234 0.000000 0.743351 3.000000
-0.036913 0.609131 0.000000 0.602678 2.000000
-0.023490 0.569042 0.000000 0.710322 3.000000
0.104027 0.488864 0.000000 0.089770 2.000000
0.130872 0.488864 0.000000 0.151337 3.000000
-0.043624 0.635857 0.000000 0.659404 3.000000
-0.003356 0.535635 0.000000 0.588713 2.000000
0.023490 0.515590 0.000000 0.658863 3.000000
0.010067 0.221604 0.000000 0.624525 3.000000
0.063758 -0.172606 0.000000 0.187517 2.000000
0.057047 -0.172606 0.000000 0.243219 3.000000
-0.063758 -0.125835 0.000000 0.233831 2.000000
-0.063758 -0.139198 0.000000 0.282626 3.000000
-0.050336 -0.119154 0.000000 0.268179 2.000000
-0.057047 -0.125835 0.000000 0.334882 3.000000
-0.043624 0.695991 0.000000 0.368357 2.000000
-0.050336 -0.112472 0.000000 0.349491 3.000000
-0.043624 -0.105791 0.000000 0.267783 2.000000
0.050336 -0.105791 0.000000 0.286361 2.000000
0.050336 -0.112472 0.000000 0.352106 3.000000
-0.030201 -0.099109 0.000000 0.288528 2.000000
-0.023490 -0.092428 0.000000 0.359481 3.000000
-0.036913 -0.099109 0.000000 0.369063 3.000000
-0.003356 -0.079065 0.000000 0.214382 2.000000
0.036913 -0.099109 0.000000 0.371594 3.000000
0.010067 -0.079065 0.000000 0.216713 2.000000
-0.137584 0.682628 0.000000 0.321301 2.000000
-0.177852 0.682628 0.000000 0.529882 3.000000
0.016779 0.428731 0.000000 0.292787 2.000000
-0.010067 0.796214 0.000000 0.490318 2.000000
0.010067 0.776169 0.000000 0.541888 3.000000
-0.030201 0.822940 0.000000 0.563297 3.000000
-0.016779 -0.206013 0.000000 0.000000 0.000000
