0.090604 1.170380 0.000000 0.673537 2.000000
0.050336 1.177060 0.000000 0.737389 3.000000
0.124161 1.157020 0.000000 0.718682 3.000000
0.110738 0.495546 0.000000 0.096053 2.000000
0.130872 0.488864 0.000000 0.154136 3.000000
-0.003356 0.569042 0.000000 0.602312 2.000000
0.023490 0.548998 0.000000 0.672886 3.000000
0.063758 -0.172606 0.000000 0.188147 2.000000
0.057047 -0.172606 0.000000 0.243569 3.000000
0.010067 0.956570 0.000000 0.225525 2.000000
-0.063758 -0.125835 0.000000 0.234330 2.000000
-0.063758 -0.139198 0.000000 0.282989 3.000000
-0.050336 -0.119154 0.000000 0.268262 2.000000
-0.057047 -0.125835 0.000000 0.335087 3.000000
-0.030201 0.622494 0.000000 0.659379 3.000000
-0.050336 -0.112472 0.000000 0.349599 3.000000
-0.043624 -0.105791 0.000000 0.267788 2.000000
0.050336 -0.105791 0.000000 0.287039 2.000000
0.050336 -0.112472 0.000000 0.352529 3.000000
-0.030201 -0.099109 0.000000 0.288291 2.000000
-0.023490 -0.092428 0.000000 0.358993 3.000000
-0.036913 -0.099109 0.000000 0.368912 3.000000
-0.003356 -0.079065 0.000000 0.213888 2.000000
-0.003356 0.695991 0.000000 0.368768 2.000000
0.036913 -0.099109 0.000000 0.371926 3.000000
0.010067 -0.079065 0.000000 0.217015 2.000000
0.050336 0.769488 0.000000 0.347767 2.000000
0.077181 0.762806 0.000000 0.400789 3.000000
-0.151007 0.675947 0.000000 0.325955 2.000000
-0.191275 0.669265 0.000000 0.551421 3.000000
-0.030201 0.849666 0.000000 0.565580 3.000000
-0.010067 0.328508 0.000000 0.418070 2.000000
-0.003356 0.402004 0.000000 0.658757 3.000000
0.016779 0.255011 0.000000 0.640647 3.000000
0.003356 0.462138 0.000000 0.299785 2.000000
-0.016779 -0.206013 0.000000 0.000000 0.000000
