0.104027 0.502227 0.000000 0.095402 2.000000
0.130872 0.488864 0.000000 0.152678 3.000000
-0.003356 0.702673 0.000000 0.371760 2.000000
0.023490 0.555679 0.000000 0.670886 3.000000
0.063758 -0.172606 0.000000 0.188389 2.000000
0.057047 -0.172606 0.000000 0.243739 3.000000
-0.063758 -0.125835 0.000000 0.234530 2.000000
-0.063758 -0.139198 0.000000 0.283134 3.000000
0.010067 0.963252 0.000000 0.226382 2.000000
0.050336 1.183740 0.000000 0.734270 3.000000
-0.050336 -0.119154 0.000000 0.268356 2.000000
-0.057047 -0.125835 0.000000 0.335217 3.000000
-0.050336 -0.112472 0.000000 0.349735 3.000000
-0.043624 -0.105791 0.000000 0.267889 2.000000
0.050336 -0.105791 0.000000 0.287254 2.000000
0.050336 -0.112472 0.000000 0.352679 3.000000
-0.030201 -0.099109 0.000000 0.288373 2.000000
-0.023490 -0.092428 0.000000 0.359089 3.000000
-0.036913 -0.099109 0.000000 0.369039 3.000000
-0.003356 -0.079065 0.000000 0.213835 2.000000
0.036913 -0.099109 0.000000 0.372016 3.000000
0.010067 -0.079065 0.000000 0.217006 2.000000
0.050336 0.776169 0.000000 0.355131 2.000000
0.077181 0.762806 0.000000 0.415467 3.000000
-0.124161 0.682628 0.000000 0.318301 2.000000
-0.191275 0.669265 0.000000 0.552079 3.000000
-0.030201 0.856347 0.000000 0.562097 3.000000
0.016779 0.321826 0.000000 0.444545 2.000000
-0.010067 0.415367 0.000000 0.643802 3.000000
0.016779 0.261693 0.000000 0.640103 3.000000
-0.010067 0.462138 0.000000 0.295408 2.000000
-0.016779 -0.206013 0.000000 0.000000 0.000000
