0.003356 0.936526 0.000000 0.223225 2.000000
0.050336 1.163700 0.000000 0.743611 3.000000
-0.010067 0.308463 0.000000 0.486407 2.000000
-0.003356 0.355234 0.000000 0.738642 3.000000
0.104027 0.495546 0.000000 0.090307 2.000000
0.130872 0.488864 0.000000 0.151911 3.000000
-0.036913 0.615813 0.000000 0.593663 2.000000
-0.023490 0.575724 0.000000 0.709350 3.000000
0.063758 -0.172606 0.000000 0.187595 2.000000
0.057047 -0.172606 0.000000 0.243274 3.000000
-0.063758 -0.125835 0.000000 0.233883 2.000000
-0.063758 -0.139198 0.000000 0.282665 3.000000
-0.050336 -0.119154 0.000000 0.268193 2.000000
-0.057047 -0.125835 0.000000 0.334908 3.000000
-0.003356 0.535635 0.000000 0.589572 2.000000
0.023490 0.522272 0.000000 0.659487 3.000000
-0.050336 -0.112472 0.000000 0.349508 3.000000
-0.043624 -0.105791 0.000000 0.267789 2.000000
0.050336 -0.105791 0.000000 0.286410 2.000000
0.050336 -0.112472 0.000000 0.352135 3.000000
-0.030201 -0.099109 0.000000 0.288512 2.000000
-0.023490 -0.092428 0.000000 0.359449 3.000000
-0.050336 0.642539 0.000000 0.655680 3.000000
-0.036913 -0.099109 0.000000 0.369057 3.000000
-0.003356 -0.079065 0.000000 0.214342 2.000000
0.036913 -0.099109 0.000000 0.371603 3.000000
-0.043624 0.702673 0.000000 0.364149 2.000000
0.010067 -0.079065 0.000000 0.216730 2.000000
-0.144295 0.689310 0.000000 0.322844 2.000000
-0.177852 0.675947 0.000000 0.532164 3.000000
-0.003356 0.796214 0.000000 0.493335 2.000000
0.010067 0.782851 0.000000 0.540648 3.000000
-0.030201 0.829621 0.000000 0.565388 3.000000
0.010067 0.221604 0.000000 0.628825 3.000000
0.016779 0.435412 0.000000 0.294143 2.000000
-0.016779 -0.206013 0.000000 0.000000 0.000000
