0.097315 1.177060 0.000000 0.667762 2.000000
0.057047 1.197100 0.000000 0.733072 3.000000
0.110738 0.502227 0.000000 0.094291 2.000000
0.137584 0.488864 0.000000 0.148898 3.000000
0.130872 1.170380 0.000000 0.714044 3.000000
-0.003356 0.722717 0.000000 0.373498 2.000000
0.023490 0.569042 0.000000 0.665194 3.000000
0.016779 0.969933 0.000000 0.227939 2.000000
0.063758 -0.172606 0.000000 0.188721 2.000000
0.057047 -0.172606 0.000000 0.243974 3.000000
-0.063758 -0.125835 0.000000 0.234843 2.000000
-0.063758 -0.139198 0.000000 0.283380 3.000000
-0.050336 -0.119154 0.000000 0.268504 2.000000
-0.057047 -0.125835 0.000000 0.335432 3.000000
-0.050336 -0.112472 0.000000 0.349938 3.000000
-0.043624 -0.105791 0.000000 0.268032 2.000000
0.050336 -0.105791 0.000000 0.287558 2.000000
0.050336 -0.112472 0.000000 0.352895 3.000000
-0.030201 -0.099109 0.000000 0.288465 2.000000
-0.023490 -0.092428 0.000000 0.359154 3.000000
-0.036913 -0.099109 0.000000 0.369202 3.000000
-0.003356 -0.079065 0.000000 0.213720 2.000000
0.036913 -0.099109 0.000000 0.372178 3.000000
0.010067 -0.079065 0.000000 0.217106 2.000000
0.050336 0.782851 0.000000 0.362257 2.000000
0.077181 0.769488 0.000000 0.429621 3.000000
-0.124161 0.682628 0.000000 0.291758 2.000000
-0.197987 0.662584 0.000000 0.558637 3.000000
-0.023490 0.863029 0.000000 0.562106 3.000000
0.023490 0.301782 0.000000 0.523296 2.000000
0.010067 0.321826 0.000000 0.570234 3.000000
0.010067 0.408686 0.000000 0.536392 2.000000
-0.003356 0.395323 0.000000 0.583379 3.000000
-0.010067 0.428731 0.000000 0.590137 3.000000
0.016779 0.375278 0.000000 0.465731 2.000000
0.016779 0.275056 0.000000 0.652244 3.000000
-0.016779 0.468820 0.000000 0.283872 2.000000
-0.016779 -0.206013 0.000000 0.000000 0.000000
