0.000000000000000000e+00
1.001669406890869141e+00
2.003338813781738281e+00
3.005008459091186523e+00
4.006677627563476562e+00
5.008347034454345703e+00
6.010016918182373047e+00
7.011686325073242188e+00
8.013355255126953125e+00
9.015025138854980469e+00
1.001669406890869141e+01
1.101836395263671875e+01
1.202003383636474609e+01
1.302170276641845703e+01
1.402337265014648438e+01
1.502504158020019531e+01
1.602671051025390625e+01
1.702838134765625000e+01
1.803005027770996094e+01
1.903171920776367188e+01
2.003338813781738281e+01
2.103505897521972656e+01
2.203672790527343750e+01
2.303839683532714844e+01
2.404006767272949219e+01
2.504173660278320312e+01
2.604340553283691406e+01
2.704507446289062500e+01
2.804674530029296875e+01
2.904841423034667969e+01
3.005008316040039062e+01
3.105175209045410156e+01
3.205342102050781250e+01
3.305509185791015625e+01
3.405676269531250000e+01
3.505842971801757812e+01
3.606010055541992188e+01
3.706177139282226562e+01
3.806343841552734375e+01
3.906510925292968750e+01
4.006677627563476562e+01
4.106844711303710938e+01
4.207011795043945312e+01
4.307178497314453125e+01
4.407345581054687500e+01
4.507512664794921875e+01
4.607679367065429688e+01
4.707846450805664062e+01
4.808013534545898438e+01
4.908180236816406250e+01
5.008347320556640625e+01
5.108514022827148438e+01
5.208681106567382812e+01
5.308848190307617188e+01
5.409014892578125000e+01
5.509181976318359375e+01
5.609349060058593750e+01
5.709515762329101562e+01
5.809682846069335938e+01
5.909849929809570312e+01
6.010016632080078125e+01
6.110183715820312500e+01
6.210350418090820312e+01
6.310517501831054688e+01
6.410684204101562500e+01
6.510851287841796875e+01
6.611018371582031250e+01
6.711185455322265625e+01
6.811352539062500000e+01
6.911518859863281250e+01
7.011685943603515625e+01
7.111853027343750000e+01
7.212020111083984375e+01
7.312187194824218750e+01
7.412354278564453125e+01
7.512520599365234375e+01
7.612687683105468750e+01
7.712854766845703125e+01
7.813021850585937500e+01
7.913188934326171875e+01
8.013355255126953125e+01
8.113522338867187500e+01
8.213689422607421875e+01
8.313856506347656250e+01
8.414023590087890625e+01
8.514190673828125000e+01
8.614356994628906250e+01
8.714524078369140625e+01
8.814691162109375000e+01
8.914858245849609375e+01
9.015025329589843750e+01
9.115191650390625000e+01
9.215358734130859375e+01
9.315525817871093750e+01
9.415692901611328125e+01
9.515859985351562500e+01
9.616027069091796875e+01
9.716193389892578125e+01
9.816360473632812500e+01
9.916527557373046875e+01
1.001669464111328125e+02
1.011686172485351562e+02
1.021702804565429688e+02
1.031719512939453125e+02
1.041736221313476562e+02
1.051752929687500000e+02
1.061769638061523438e+02
1.071786346435546875e+02
1.081802978515625000e+02
1.091819686889648438e+02
1.101836395263671875e+02
1.111853103637695312e+02
1.121869812011718750e+02
1.131886444091796875e+02
1.141903152465820312e+02
1.151919860839843750e+02
1.161936569213867188e+02
1.171953277587890625e+02
1.181969985961914062e+02
1.191986618041992188e+02
1.202003326416015625e+02
1.212020034790039062e+02
1.222036743164062500e+02
1.232053451538085938e+02
1.242070083618164062e+02
1.252086791992187500e+02
1.262103500366210938e+02
1.272120208740234375e+02
1.282136840820312500e+02
1.292153625488281250e+02
1.302170257568359375e+02
1.312187042236328125e+02
1.322203674316406250e+02
1.332220306396484375e+02
1.342237091064453125e+02
1.352253723144531250e+02
1.362270507812500000e+02
1.372287139892578125e+02
1.382303771972656250e+02
1.392320556640625000e+02
1.402337188720703125e+02
1.412353973388671875e+02
1.422370605468750000e+02
1.432387237548828125e+02
1.442404022216796875e+02
1.452420654296875000e+02
1.462437438964843750e+02
1.472454071044921875e+02
1.482470855712890625e+02
1.492487487792968750e+02
1.502504119873046875e+02
1.512520904541015625e+02
1.522537536621093750e+02
1.532554321289062500e+02
1.542570953369140625e+02
1.552587585449218750e+02
1.562604370117187500e+02
1.572621002197265625e+02
1.582637786865234375e+02
1.592654418945312500e+02
1.602671051025390625e+02
1.612687835693359375e+02
1.622704467773437500e+02
1.632721252441406250e+02
1.642737884521484375e+02
1.652754516601562500e+02
1.662771301269531250e+02
1.672787933349609375e+02
1.682804718017578125e+02
1.692821350097656250e+02
1.702838134765625000e+02
1.712854766845703125e+02
1.722871398925781250e+02
1.732888183593750000e+02
1.742904815673828125e+02
1.752921600341796875e+02
1.762938232421875000e+02
1.772954864501953125e+02
1.782971649169921875e+02
1.792988281250000000e+02
1.803005065917968750e+02
1.813021697998046875e+02
1.823038330078125000e+02
1.833055114746093750e+02
1.843071746826171875e+02
1.853088531494140625e+02
1.863105163574218750e+02
1.873121795654296875e+02
1.883138580322265625e+02
1.893155212402343750e+02
1.903171997070312500e+02
1.913188629150390625e+02
1.923205413818359375e+02
1.933222045898437500e+02
1.943238677978515625e+02
1.953255462646484375e+02
1.963272094726562500e+02
1.973288879394531250e+02
1.983305511474609375e+02
1.993322143554687500e+02
2.003338928222656250e+02
2.013355560302734375e+02
2.023372344970703125e+02
2.033388977050781250e+02
2.043405609130859375e+02
2.053422393798828125e+02
2.063439025878906250e+02
2.073455810546875000e+02
2.083472442626953125e+02
2.093489074707031250e+02
2.103505859375000000e+02
2.113522491455078125e+02
2.123539276123046875e+02
2.133555908203125000e+02
2.143572692871093750e+02
2.153589324951171875e+02
2.163605957031250000e+02
2.173622741699218750e+02
2.183639373779296875e+02
2.193656158447265625e+02
2.203672790527343750e+02
2.213689422607421875e+02
2.223706207275390625e+02
2.233722839355468750e+02
2.243739624023437500e+02
2.253756256103515625e+02
2.263772888183593750e+02
2.273789672851562500e+02
2.283806304931640625e+02
2.293823089599609375e+02
2.303839721679687500e+02
2.313856353759765625e+02
2.323873138427734375e+02
2.333889770507812500e+02
2.343906555175781250e+02
2.353923187255859375e+02
2.363939971923828125e+02
2.373956604003906250e+02
2.383973236083984375e+02
2.393990020751953125e+02
2.404006652832031250e+02
2.414023437500000000e+02
2.424040069580078125e+02
2.434056701660156250e+02
2.444073486328125000e+02
2.454090118408203125e+02
2.464106903076171875e+02
2.474123535156250000e+02
2.484140167236328125e+02
2.494156951904296875e+02
2.504173583984375000e+02
2.514190368652343750e+02
2.524207000732421875e+02
2.534223632812500000e+02
2.544240417480468750e+02
2.554257049560546875e+02
2.564273681640625000e+02
2.574290466308593750e+02
2.584307250976562500e+02
2.594323730468750000e+02
2.604340515136718750e+02
2.614357299804687500e+02
2.624374084472656250e+02
2.634390563964843750e+02
2.644407348632812500e+02
2.654424133300781250e+02
2.664440612792968750e+02
2.674457397460937500e+02
2.684474182128906250e+02
2.694490966796875000e+02
2.704507446289062500e+02
2.714524230957031250e+02
2.724541015625000000e+02
2.734557495117187500e+02
2.744574279785156250e+02
2.754591064453125000e+02
2.764607543945312500e+02
2.774624328613281250e+02
2.784641113281250000e+02
2.794657897949218750e+02
2.804674377441406250e+02
2.814691162109375000e+02
2.824707946777343750e+02
2.834724426269531250e+02
2.844741210937500000e+02
2.854757995605468750e+02
2.864774475097656250e+02
2.874791259765625000e+02
2.884808044433593750e+02
2.894824829101562500e+02
2.904841308593750000e+02
2.914858093261718750e+02
2.924874877929687500e+02
2.934891357421875000e+02
2.944908142089843750e+02
2.954924926757812500e+02
2.964941711425781250e+02
2.974958190917968750e+02
2.984974975585937500e+02
2.994991760253906250e+02
3.005008239746093750e+02
3.015025024414062500e+02
3.025041809082031250e+02
3.035058288574218750e+02
3.045075073242187500e+02
3.055091857910156250e+02
3.065108642578125000e+02
3.075125122070312500e+02
3.085141906738281250e+02
3.095158691406250000e+02
3.105175170898437500e+02
3.115191955566406250e+02
3.125208740234375000e+02
3.135225524902343750e+02
3.145242004394531250e+02
3.155258789062500000e+02
3.165275573730468750e+02
3.175292053222656250e+02
3.185308837890625000e+02
3.195325622558593750e+02
3.205342102050781250e+02
3.215358886718750000e+02
3.225375671386718750e+02
3.235392456054687500e+02
3.245408935546875000e+02
3.255425720214843750e+02
3.265442504882812500e+02
3.275458984375000000e+02
3.285475769042968750e+02
3.295492553710937500e+02
3.305509033203125000e+02
3.315525817871093750e+02
3.325542602539062500e+02
3.335559387207031250e+02
3.345575866699218750e+02
3.355592651367187500e+02
3.365609436035156250e+02
3.375625915527343750e+02
3.385642700195312500e+02
3.395659484863281250e+02
3.405676269531250000e+02
3.415692749023437500e+02
3.425709533691406250e+02
3.435726318359375000e+02
3.445742797851562500e+02
3.455759582519531250e+02
3.465776367187500000e+02
3.475792846679687500e+02
3.485809631347656250e+02
3.495826416015625000e+02
3.505843200683593750e+02
3.515859680175781250e+02
3.525876464843750000e+02
3.535893249511718750e+02
3.545909729003906250e+02
3.555926513671875000e+02
3.565943298339843750e+02
3.575960083007812500e+02
3.585976562500000000e+02
3.595993347167968750e+02
3.606010131835937500e+02
3.616026611328125000e+02
3.626043395996093750e+02
3.636060180664062500e+02
3.646076660156250000e+02
3.656093444824218750e+02
3.666110229492187500e+02
3.676127014160156250e+02
3.686143493652343750e+02
3.696160278320312500e+02
3.706177062988281250e+02
3.716193542480468750e+02
3.726210327148437500e+02
3.736227111816406250e+02
3.746243591308593750e+02
3.756260375976562500e+02
3.766277160644531250e+02
3.776293945312500000e+02
3.786310424804687500e+02
3.796327209472656250e+02
3.806343994140625000e+02
3.816360473632812500e+02
3.826377258300781250e+02
3.836394042968750000e+02
3.846410827636718750e+02
3.856427307128906250e+02
3.866444091796875000e+02
3.876460876464843750e+02
3.886477355957031250e+02
3.896494140625000000e+02
3.906510925292968750e+02
3.916527404785156250e+02
3.926544189453125000e+02
3.936560974121093750e+02
3.946577758789062500e+02
3.956594238281250000e+02
3.966611022949218750e+02
3.976627807617187500e+02
3.986644287109375000e+02
3.996661071777343750e+02
4.006677856445312500e+02
4.016694641113281250e+02
4.026711120605468750e+02
4.036727905273437500e+02
4.046744689941406250e+02
4.056761169433593750e+02
4.066777954101562500e+02
4.076794738769531250e+02
4.086811218261718750e+02
4.096828002929687500e+02
4.106844787597656250e+02
4.116861572265625000e+02
4.126878051757812500e+02
4.136894836425781250e+02
4.146911621093750000e+02
4.156928100585937500e+02
4.166944885253906250e+02
4.176961669921875000e+02
4.186978149414062500e+02
4.196994934082031250e+02
4.207011718750000000e+02
4.217028503417968750e+02
4.227044982910156250e+02
4.237061767578125000e+02
4.247078552246093750e+02
4.257095031738281250e+02
4.267111816406250000e+02
4.277128601074218750e+02
4.287145385742187500e+02
4.297161865234375000e+02
4.307178649902343750e+02
4.317195434570312500e+02
4.327211914062500000e+02
4.337228698730468750e+02
4.347245483398437500e+02
4.357261962890625000e+02
4.367278747558593750e+02
4.377295532226562500e+02
4.387312316894531250e+02
4.397328796386718750e+02
4.407345581054687500e+02
4.417362365722656250e+02
4.427378845214843750e+02
4.437395629882812500e+02
4.447412414550781250e+02
4.457429199218750000e+02
4.467445678710937500e+02
4.477462463378906250e+02
4.487479248046875000e+02
4.497495727539062500e+02
4.507512512207031250e+02
4.517529296875000000e+02
4.527545776367187500e+02
4.537562561035156250e+02
4.547579345703125000e+02
4.557596130371093750e+02
4.567612609863281250e+02
4.577629394531250000e+02
4.587646179199218750e+02
4.597662658691406250e+02
4.607679443359375000e+02
4.617696228027343750e+02
4.627712707519531250e+02
4.637729492187500000e+02
4.647746276855468750e+02
4.657763061523437500e+02
4.667779541015625000e+02
4.677796325683593750e+02
4.687813110351562500e+02
4.697829589843750000e+02
4.707846374511718750e+02
4.717863159179687500e+02
4.727879943847656250e+02
4.737896423339843750e+02
4.747913208007812500e+02
4.757929992675781250e+02
4.767946472167968750e+02
4.777963256835937500e+02
4.787980041503906250e+02
4.797996520996093750e+02
4.808013305664062500e+02
4.818030090332031250e+02
4.828046875000000000e+02
4.838063354492187500e+02
4.848080139160156250e+02
4.858096923828125000e+02
4.868113403320312500e+02
4.878130187988281250e+02
4.888146972656250000e+02
4.898163757324218750e+02
4.908180236816406250e+02
4.918197021484375000e+02
4.928213806152343750e+02
4.938230285644531250e+02
4.948247070312500000e+02
4.958263854980468750e+02
4.968280334472656250e+02
4.978297119140625000e+02
4.988313903808593750e+02
4.998330688476562500e+02
5.008347167968750000e+02
5.018363952636718750e+02
5.028380737304687500e+02
5.038397216796875000e+02
5.048414001464843750e+02
5.058430786132812500e+02
5.068447265625000000e+02
5.078464050292968750e+02
5.088480834960937500e+02
5.098497619628906250e+02
5.108514099121093750e+02
5.118530883789062500e+02
5.128547363281250000e+02
5.138564453125000000e+02
5.148580932617187500e+02
5.158597412109375000e+02
5.168614501953125000e+02
5.178630981445312500e+02
5.188647460937500000e+02
5.198664550781250000e+02
5.208681030273437500e+02
5.218698120117187500e+02
5.228714599609375000e+02
5.238731079101562500e+02
5.248748168945312500e+02
5.258764648437500000e+02
5.268781127929687500e+02
5.278798217773437500e+02
5.288814697265625000e+02
5.298831176757812500e+02
5.308848266601562500e+02
5.318864746093750000e+02
5.328881225585937500e+02
5.338898315429687500e+02
5.348914794921875000e+02
5.358931274414062500e+02
5.368948364257812500e+02
5.378964843750000000e+02
5.388981933593750000e+02
5.398998413085937500e+02
5.409014892578125000e+02
5.419031982421875000e+02
5.429048461914062500e+02
5.439064941406250000e+02
5.449082031250000000e+02
5.459098510742187500e+02
5.469114990234375000e+02
5.479132080078125000e+02
5.489148559570312500e+02
5.499165039062500000e+02
5.509182128906250000e+02
5.519198608398437500e+02
5.529215087890625000e+02
5.539232177734375000e+02
5.549248657226562500e+02
5.559265747070312500e+02
5.569282226562500000e+02
5.579298706054687500e+02
5.589315795898437500e+02
5.599332275390625000e+02
5.609348754882812500e+02
5.619365844726562500e+02
5.629382324218750000e+02
5.639398803710937500e+02
5.649415893554687500e+02
5.659432373046875000e+02
5.669448852539062500e+02
5.679465942382812500e+02
5.689482421875000000e+02
5.699498901367187500e+02
5.709515991210937500e+02
5.719532470703125000e+02
5.729548950195312500e+02
5.739566040039062500e+02
5.749582519531250000e+02
5.759599609375000000e+02
5.769616088867187500e+02
5.779632568359375000e+02
5.789649658203125000e+02
5.799666137695312500e+02
5.809682617187500000e+02
5.819699707031250000e+02
5.829716186523437500e+02
5.839732666015625000e+02
5.849749755859375000e+02
5.859766235351562500e+02
5.869782714843750000e+02
5.879799804687500000e+02
5.889816284179687500e+02
5.899832763671875000e+02
5.909849853515625000e+02
5.919866333007812500e+02
5.929883422851562500e+02
5.939899902343750000e+02
5.949916381835937500e+02
5.959933471679687500e+02
5.969949951171875000e+02
5.979966430664062500e+02
5.989983520507812500e+02
6.000000000000000000e+02
