0.000000000000000000e+00
1.004048585891723633e+00
2.008097171783447266e+00
3.012145757675170898e+00
4.016194343566894531e+00
5.020242691040039062e+00
6.024291515350341797e+00
7.028339862823486328e+00
8.032388687133789062e+00
9.036437034606933594e+00
1.004048538208007812e+01
1.104453468322753906e+01
1.204858303070068359e+01
1.305263137817382812e+01
1.405667972564697266e+01
1.506072902679443359e+01
1.606477737426757812e+01
1.706882667541503906e+01
1.807287406921386719e+01
1.907692337036132812e+01
2.008097076416015625e+01
2.108502006530761719e+01
2.208906936645507812e+01
2.309311676025390625e+01
2.409716606140136719e+01
2.510121536254882812e+01
2.610526275634765625e+01
2.710931205749511719e+01
2.811335945129394531e+01
2.911740875244140625e+01
3.012145805358886719e+01
3.112550544738769531e+01
3.212955474853515625e+01
3.313360214233398438e+01
3.413765335083007812e+01
3.514170074462890625e+01
3.614574813842773438e+01
3.714979934692382812e+01
3.815384674072265625e+01
3.915789413452148438e+01
4.016194152832031250e+01
4.116599273681640625e+01
4.217004013061523438e+01
4.317408752441406250e+01
4.417813873291015625e+01
4.518218612670898438e+01
4.618623352050781250e+01
4.719028472900390625e+01
4.819433212280273438e+01
4.919837951660156250e+01
5.020243072509765625e+01
5.120647811889648438e+01
5.221052551269531250e+01
5.321457672119140625e+01
5.421862411499023438e+01
5.522267150878906250e+01
5.622671890258789062e+01
5.723077011108398438e+01
5.823481750488281250e+01
5.923886489868164062e+01
6.024291610717773438e+01
6.124696350097656250e+01
6.225101089477539062e+01
6.325506210327148438e+01
6.425910949707031250e+01
6.526316070556640625e+01
6.626720428466796875e+01
6.727125549316406250e+01
6.827530670166015625e+01
6.927935028076171875e+01
7.028340148925781250e+01
7.128745269775390625e+01
7.229149627685546875e+01
7.329554748535156250e+01
7.429959869384765625e+01
7.530364227294921875e+01
7.630769348144531250e+01
7.731174468994140625e+01
7.831578826904296875e+01
7.931983947753906250e+01
8.032388305664062500e+01
8.132793426513671875e+01
8.233198547363281250e+01
8.333602905273437500e+01
8.434008026123046875e+01
8.534413146972656250e+01
8.634817504882812500e+01
8.735222625732421875e+01
8.835627746582031250e+01
8.936032104492187500e+01
9.036437225341796875e+01
9.136842346191406250e+01
9.237246704101562500e+01
9.337651824951171875e+01
9.438056945800781250e+01
9.538461303710937500e+01
9.638866424560546875e+01
9.739271545410156250e+01
9.839675903320312500e+01
9.940081024169921875e+01
1.004048614501953125e+02
1.014089050292968750e+02
1.024129562377929688e+02
1.034170074462890625e+02
1.044210510253906250e+02
1.054251022338867188e+02
1.064291534423828125e+02
1.074331970214843750e+02
1.084372482299804688e+02
1.094412918090820312e+02
1.104453430175781250e+02
1.114493942260742188e+02
1.124534378051757812e+02
1.134574890136718750e+02
1.144615402221679688e+02
1.154655838012695312e+02
1.164696350097656250e+02
1.174736862182617188e+02
1.184777297973632812e+02
1.194817810058593750e+02
1.204858322143554688e+02
1.214898757934570312e+02
1.224939270019531250e+02
1.234979782104492188e+02
1.245020217895507812e+02
1.255060729980468750e+02
1.265101242065429688e+02
1.275141677856445312e+02
1.285182189941406250e+02
1.295222625732421875e+02
1.305263214111328125e+02
1.315303649902343750e+02
1.325344085693359375e+02
1.335384674072265625e+02
1.345425109863281250e+02
1.355465545654296875e+02
1.365506134033203125e+02
1.375546569824218750e+02
1.385587005615234375e+02
1.395627593994140625e+02
1.405668029785156250e+02
1.415708465576171875e+02
1.425749053955078125e+02
1.435789489746093750e+02
1.445829925537109375e+02
1.455870513916015625e+02
1.465910949707031250e+02
1.475951385498046875e+02
1.485991973876953125e+02
1.496032409667968750e+02
1.506072845458984375e+02
1.516113433837890625e+02
1.526153869628906250e+02
1.536194305419921875e+02
1.546234893798828125e+02
1.556275329589843750e+02
1.566315765380859375e+02
1.576356201171875000e+02
1.586396789550781250e+02
1.596437225341796875e+02
1.606477661132812500e+02
1.616518249511718750e+02
1.626558685302734375e+02
1.636599121093750000e+02
1.646639709472656250e+02
1.656680145263671875e+02
1.666720581054687500e+02
1.676761169433593750e+02
1.686801605224609375e+02
1.696842041015625000e+02
1.706882629394531250e+02
1.716923065185546875e+02
1.726963500976562500e+02
1.737004089355468750e+02
1.747044525146484375e+02
1.757084960937500000e+02
1.767125549316406250e+02
1.777165985107421875e+02
1.787206420898437500e+02
1.797247009277343750e+02
1.807287445068359375e+02
1.817327880859375000e+02
1.827368469238281250e+02
1.837408905029296875e+02
1.847449340820312500e+02
1.857489929199218750e+02
1.867530364990234375e+02
1.877570800781250000e+02
1.887611389160156250e+02
1.897651824951171875e+02
1.907692260742187500e+02
1.917732849121093750e+02
1.927773284912109375e+02
1.937813720703125000e+02
1.947854309082031250e+02
1.957894744873046875e+02
1.967935180664062500e+02
1.977975769042968750e+02
1.988016204833984375e+02
1.998056640625000000e+02
2.008097229003906250e+02
2.018137664794921875e+02
2.028178100585937500e+02
2.038218688964843750e+02
2.048259124755859375e+02
2.058299560546875000e+02
2.068340148925781250e+02
2.078380584716796875e+02
2.088421020507812500e+02
2.098461608886718750e+02
2.108502044677734375e+02
2.118542480468750000e+02
2.128583068847656250e+02
2.138623504638671875e+02
2.148663940429687500e+02
2.158704528808593750e+02
2.168744964599609375e+02
2.178785400390625000e+02
2.188825836181640625e+02
2.198866424560546875e+02
2.208906860351562500e+02
2.218947296142578125e+02
2.228987884521484375e+02
2.239028320312500000e+02
2.249068756103515625e+02
2.259109344482421875e+02
2.269149780273437500e+02
2.279190216064453125e+02
2.289230804443359375e+02
2.299271240234375000e+02
2.309311676025390625e+02
2.319352264404296875e+02
2.329392700195312500e+02
2.339433135986328125e+02
2.349473724365234375e+02
2.359514160156250000e+02
2.369554595947265625e+02
2.379595184326171875e+02
2.389635620117187500e+02
2.399676055908203125e+02
2.409716644287109375e+02
2.419757080078125000e+02
2.429797515869140625e+02
2.439838104248046875e+02
2.449878540039062500e+02
2.459918975830078125e+02
2.469959564208984375e+02
2.480000000000000000e+02
