91.000000 41.000000 0.000000 10.414300 2.000000
47.000000 43.000000 0.000000 22.873899 3.000000
288.000000 44.000000 0.000000 0.261291 2.000000
325.000000 37.000000 0.000000 2.361610 3.000000
106.000000 44.000000 0.000000 13.629400 3.000000
133.000000 38.000000 0.000000 1.577500 2.000000
158.000000 42.000000 0.000000 9.953570 3.000000
183.000000 33.000000 0.000000 0.119261 2.000000
213.000000 40.000000 0.000000 7.820130 3.000000
268.000000 36.000000 0.000000 5.852800 3.000000
234.000000 29.000000 0.000000 0.050940 2.000000
47.000000 56.000000 0.000000 -21.647499 0.000000
