82.000000 42.000000 0.000000 11.772900 2.000000
47.000000 43.000000 0.000000 23.132000 3.000000
95.000000 45.000000 0.000000 15.059100 3.000000
560.000000 20.000000 0.000000 0.141358 2.000000
594.000000 34.000000 0.000000 1.300530 3.000000
119.000000 39.000000 0.000000 1.210430 2.000000
145.000000 42.000000 0.000000 10.453400 3.000000
217.000000 27.000000 0.000000 0.047180 2.000000
200.000000 42.000000 0.000000 8.046840 3.000000
255.000000 41.000000 0.000000 6.615930 3.000000
23.000000 0.000000 0.000000 -0.002700 2.000000
329.000000 99.000000 0.000000 -0.024348 2.000000
309.000000 41.000000 0.000000 5.681490 3.000000
531.000000 35.000000 0.000000 3.260670 3.000000
501.000000 32.000000 0.000000 0.118462 2.000000
471.000000 38.000000 0.000000 4.014460 3.000000
487.000000 99.000000 0.000000 -0.026117 2.000000
437.000000 99.000000 0.000000 0.009700 2.000000
363.000000 40.000000 0.000000 4.942830 3.000000
417.000000 39.000000 0.000000 4.454130 3.000000
382.000000 99.000000 0.000000 -0.028673 2.000000
47.000000 56.000000 0.000000 -21.652201 0.000000
