71.000000 43.000000 0.000000 15.271600 2.000000
47.000000 43.000000 0.000000 22.932199 3.000000
592.000000 22.000000 0.000000 0.152791 2.000000
628.000000 34.000000 0.000000 1.235150 3.000000
79.000000 45.000000 0.000000 17.035999 3.000000
103.000000 40.000000 0.000000 3.503550 2.000000
124.000000 43.000000 0.000000 11.966900 3.000000
146.000000 36.000000 0.000000 0.104975 2.000000
178.000000 42.000000 0.000000 8.843100 3.000000
194.000000 28.000000 0.000000 0.028421 2.000000
233.000000 41.000000 0.000000 7.099320 3.000000
305.000000 0.000000 0.000000 -0.010455 2.000000
287.000000 41.000000 0.000000 5.999120 3.000000
534.000000 29.000000 0.000000 0.171763 2.000000
563.000000 35.000000 0.000000 3.085450 3.000000
502.000000 38.000000 0.000000 3.785510 3.000000
415.000000 99.000000 0.000000 0.004574 2.000000
341.000000 40.000000 0.000000 5.218700 3.000000
478.000000 31.000000 0.000000 0.065044 2.000000
449.000000 39.000000 0.000000 4.176440 3.000000
469.000000 99.000000 0.000000 0.005568 2.000000
395.000000 40.000000 0.000000 4.599670 3.000000
361.000000 99.000000 0.000000 -0.028334 2.000000
47.000000 56.000000 0.000000 -21.929600 0.000000
