62.000000 43.000000 0.000000 17.417500 2.000000
71.000000 45.000000 0.000000 17.961300 3.000000
91.000000 41.000000 0.000000 6.904960 2.000000
109.000000 44.000000 0.000000 13.403100 3.000000
47.000000 43.000000 0.000000 23.012100 3.000000
676.000000 32.000000 0.000000 0.258408 2.000000
710.000000 35.000000 0.000000 2.473410 3.000000
129.000000 44.000000 0.000000 0.302289 2.000000
162.000000 42.000000 0.000000 9.569960 3.000000
180.000000 31.000000 0.000000 0.037227 2.000000
216.000000 42.000000 0.000000 7.529490 3.000000
620.000000 32.000000 0.000000 0.325574 2.000000
645.000000 38.000000 0.000000 2.974120 3.000000
282.000000 0.000000 0.000000 -0.006865 2.000000
270.000000 42.000000 0.000000 6.259440 3.000000
397.000000 99.000000 0.000000 0.000509 2.000000
324.000000 41.000000 0.000000 5.385430 3.000000
591.000000 38.000000 0.000000 3.251990 3.000000
450.000000 99.000000 0.000000 0.002989 2.000000
378.000000 41.000000 0.000000 4.720720 3.000000
495.000000 99.000000 0.000000 0.018434 2.000000
431.000000 40.000000 0.000000 4.231540 3.000000
569.000000 29.000000 0.000000 0.158123 2.000000
539.000000 39.000000 0.000000 3.511200 3.000000
556.000000 99.000000 0.000000 0.003978 2.000000
485.000000 39.000000 0.000000 3.860740 3.000000
322.000000 99.000000 0.000000 -0.007181 2.000000
47.000000 56.000000 0.000000 -21.899000 0.000000
