83.000000 42.000000 0.000000 13.255800 2.000000
47.000000 43.000000 0.000000 22.910900 3.000000
94.000000 45.000000 0.000000 14.801500 3.000000
272.000000 46.000000 0.000000 0.431744 2.000000
308.000000 37.000000 0.000000 2.499350 3.000000
118.000000 41.000000 0.000000 3.343830 2.000000
142.000000 42.000000 0.000000 10.843500 3.000000
169.000000 34.000000 0.000000 0.425227 2.000000
197.000000 40.000000 0.000000 8.337690 3.000000
251.000000 37.000000 0.000000 6.151300 3.000000
218.000000 32.000000 0.000000 0.056916 2.000000
47.000000 56.000000 0.000000 -21.555799 0.000000
