84.000000 42.000000 0.000000 10.658500 2.000000
47.000000 43.000000 0.000000 23.090500 3.000000
98.000000 44.000000 0.000000 14.523600 3.000000
510.000000 19.000000 0.000000 0.120238 2.000000
544.000000 35.000000 0.000000 1.411600 3.000000
123.000000 40.000000 0.000000 0.960555 2.000000
151.000000 42.000000 0.000000 10.145800 3.000000
250.000000 16.000000 0.000000 0.042523 2.000000
206.000000 41.000000 0.000000 7.856130 3.000000
23.000000 0.000000 0.000000 -0.002684 2.000000
260.000000 41.000000 0.000000 6.551920 3.000000
481.000000 35.000000 0.000000 3.562980 3.000000
460.000000 7.000000 0.000000 0.011785 2.000000
377.000000 0.000000 0.000000 -0.025562 2.000000
315.000000 41.000000 0.000000 5.588730 3.000000
335.000000 99.000000 0.000000 -0.026378 2.000000
437.000000 99.000000 0.000000 0.013723 2.000000
423.000000 38.000000 0.000000 4.416590 3.000000
369.000000 39.000000 0.000000 4.941390 3.000000
47.000000 56.000000 0.000000 -21.673901 0.000000
