71.000000 43.000000 0.000000 15.199100 2.000000
47.000000 43.000000 0.000000 22.942600 3.000000
692.000000 32.000000 0.000000 0.255649 2.000000
727.000000 35.000000 0.000000 2.420670 3.000000
79.000000 45.000000 0.000000 17.159300 3.000000
103.000000 39.000000 0.000000 3.120160 2.000000
124.000000 43.000000 0.000000 11.971400 3.000000
148.000000 33.000000 0.000000 0.054705 2.000000
178.000000 42.000000 0.000000 8.808370 3.000000
194.000000 29.000000 0.000000 0.046967 2.000000
233.000000 42.000000 0.000000 7.090850 3.000000
636.000000 32.000000 0.000000 0.346205 2.000000
661.000000 38.000000 0.000000 2.900530 3.000000
292.000000 99.000000 0.000000 -0.011150 2.000000
287.000000 41.000000 0.000000 5.958070 3.000000
607.000000 38.000000 0.000000 3.167650 3.000000
585.000000 29.000000 0.000000 0.182665 2.000000
555.000000 39.000000 0.000000 3.416840 3.000000
412.000000 99.000000 0.000000 -0.008869 2.000000
340.000000 41.000000 0.000000 5.165540 3.000000
560.000000 72.000000 0.000000 -0.020037 2.000000
467.000000 99.000000 0.000000 0.001183 2.000000
394.000000 40.000000 0.000000 4.559580 3.000000
514.000000 99.000000 0.000000 0.012070 2.000000
447.000000 40.000000 0.000000 4.099980 3.000000
501.000000 39.000000 0.000000 3.751660 3.000000
356.000000 99.000000 0.000000 -0.014416 2.000000
47.000000 56.000000 0.000000 -21.956400 0.000000
