65.000000 43.000000 0.000000 16.688900 2.000000
47.000000 43.000000 0.000000 22.937201 3.000000
74.000000 45.000000 0.000000 17.475901 3.000000
527.000000 20.000000 0.000000 0.127895 2.000000
560.000000 34.000000 0.000000 1.371690 3.000000
95.000000 40.000000 0.000000 6.151400 2.000000
113.000000 43.000000 0.000000 12.913700 3.000000
134.000000 43.000000 0.000000 0.342859 2.000000
167.000000 42.000000 0.000000 9.320460 3.000000
185.000000 31.000000 0.000000 0.035683 2.000000
222.000000 41.000000 0.000000 7.404150 3.000000
297.000000 0.000000 0.000000 -0.013105 2.000000
277.000000 41.000000 0.000000 6.229660 3.000000
498.000000 35.000000 0.000000 3.459710 3.000000
401.000000 0.000000 0.000000 -0.014077 2.000000
331.000000 41.000000 0.000000 5.351820 3.000000
468.000000 33.000000 0.000000 0.015474 2.000000
433.000000 99.000000 0.000000 0.014438 2.000000
385.000000 39.000000 0.000000 4.769200 3.000000
439.000000 38.000000 0.000000 4.274520 3.000000
351.000000 99.000000 0.000000 -0.029775 2.000000
47.000000 56.000000 0.000000 -21.910700 0.000000
