74.000000 42.000000 0.000000 14.576600 2.000000
47.000000 43.000000 0.000000 23.016701 3.000000
82.000000 45.000000 0.000000 16.765800 3.000000
108.000000 38.000000 0.000000 2.479960 2.000000
129.000000 43.000000 0.000000 11.488000 3.000000
712.000000 25.000000 0.000000 0.149984 2.000000
745.000000 33.000000 0.000000 1.045610 3.000000
153.000000 34.000000 0.000000 0.063907 2.000000
184.000000 42.000000 0.000000 8.600510 3.000000
200.000000 28.000000 0.000000 0.043067 2.000000
238.000000 42.000000 0.000000 6.970810 3.000000
335.000000 4.000000 0.000000 -0.001059 2.000000
292.000000 41.000000 0.000000 5.882600 3.000000
644.000000 32.000000 0.000000 0.256847 2.000000
678.000000 35.000000 0.000000 2.588630 3.000000
346.000000 41.000000 0.000000 5.099450 3.000000
293.000000 0.000000 0.000000 -0.020612 2.000000
474.000000 99.000000 0.000000 0.020443 2.000000
399.000000 40.000000 0.000000 4.517370 3.000000
419.000000 99.000000 0.000000 -0.004265 2.000000
453.000000 40.000000 0.000000 4.091980 3.000000
588.000000 32.000000 0.000000 0.277341 2.000000
614.000000 38.000000 0.000000 3.128410 3.000000
537.000000 29.000000 0.000000 0.101788 2.000000
507.000000 39.000000 0.000000 3.710960 3.000000
560.000000 38.000000 0.000000 3.424770 3.000000
520.000000 99.000000 0.000000 -0.016404 2.000000
47.000000 56.000000 0.000000 -21.876801 0.000000
