67.000000 43.000000 0.000000 15.938700 2.000000
47.000000 43.000000 0.000000 22.912001 3.000000
644.000000 22.000000 0.000000 0.155304 2.000000
678.000000 34.000000 0.000000 1.147650 3.000000
76.000000 45.000000 0.000000 17.396500 3.000000
99.000000 40.000000 0.000000 4.025620 2.000000
119.000000 44.000000 0.000000 12.396200 3.000000
138.000000 40.000000 0.000000 0.127628 2.000000
173.000000 42.000000 0.000000 9.038720 3.000000
188.000000 28.000000 0.000000 0.028192 2.000000
227.000000 42.000000 0.000000 7.245480 3.000000
580.000000 32.000000 0.000000 0.220111 2.000000
612.000000 35.000000 0.000000 2.851950 3.000000
299.000000 0.000000 0.000000 -0.006649 2.000000
281.000000 41.000000 0.000000 6.073050 3.000000
550.000000 38.000000 0.000000 3.482110 3.000000
527.000000 28.000000 0.000000 0.185195 2.000000
496.000000 38.000000 0.000000 3.822140 3.000000
514.000000 0.000000 0.000000 -0.043342 2.000000
409.000000 99.000000 0.000000 0.002153 2.000000
335.000000 41.000000 0.000000 5.248370 3.000000
389.000000 40.000000 0.000000 4.667990 3.000000
462.000000 99.000000 0.000000 0.000866 2.000000
443.000000 40.000000 0.000000 4.172940 3.000000
352.000000 0.000000 0.000000 -0.025687 2.000000
47.000000 56.000000 0.000000 -21.968599 0.000000
