74.000000 42.000000 0.000000 14.662600 2.000000
47.000000 43.000000 0.000000 22.981100 3.000000
82.000000 45.000000 0.000000 16.593201 3.000000
544.000000 20.000000 0.000000 0.136524 2.000000
577.000000 34.000000 0.000000 1.335060 3.000000
107.000000 39.000000 0.000000 2.922380 2.000000
129.000000 43.000000 0.000000 11.552400 3.000000
151.000000 36.000000 0.000000 0.078404 2.000000
184.000000 42.000000 0.000000 8.615870 3.000000
200.000000 27.000000 0.000000 0.058757 2.000000
238.000000 41.000000 0.000000 6.971890 3.000000
315.000000 99.000000 0.000000 -0.015437 2.000000
293.000000 41.000000 0.000000 5.945650 3.000000
421.000000 99.000000 0.000000 0.001493 2.000000
347.000000 41.000000 0.000000 5.134590 3.000000
514.000000 35.000000 0.000000 3.357630 3.000000
484.000000 32.000000 0.000000 0.073753 2.000000
455.000000 38.000000 0.000000 4.140890 3.000000
401.000000 39.000000 0.000000 4.605300 3.000000
463.000000 92.000000 0.000000 -0.011088 2.000000
367.000000 99.000000 0.000000 -0.030872 2.000000
47.000000 56.000000 0.000000 -21.842199 0.000000
