79.000000 42.000000 0.000000 12.951400 2.000000
47.000000 43.000000 0.000000 23.125601 3.000000
90.000000 45.000000 0.000000 15.708900 3.000000
610.000000 22.000000 0.000000 0.157167 2.000000
645.000000 34.000000 0.000000 1.204030 3.000000
114.000000 40.000000 0.000000 1.203450 2.000000
140.000000 43.000000 0.000000 10.811300 3.000000
211.000000 28.000000 0.000000 0.044178 2.000000
194.000000 42.000000 0.000000 8.186060 3.000000
164.000000 32.000000 0.000000 0.006840 2.000000
249.000000 41.000000 0.000000 6.723660 3.000000
549.000000 31.000000 0.000000 0.179901 2.000000
580.000000 35.000000 0.000000 3.002850 3.000000
324.000000 99.000000 0.000000 -0.022434 2.000000
303.000000 41.000000 0.000000 5.726540 3.000000
518.000000 38.000000 0.000000 3.679400 3.000000
494.000000 31.000000 0.000000 0.118283 2.000000
431.000000 99.000000 0.000000 -0.003129 2.000000
357.000000 40.000000 0.000000 5.020060 3.000000
486.000000 99.000000 0.000000 0.012484 2.000000
411.000000 40.000000 0.000000 4.447690 3.000000
465.000000 39.000000 0.000000 4.047930 3.000000
376.000000 99.000000 0.000000 -0.023353 2.000000
47.000000 56.000000 0.000000 -21.686100 0.000000
