97.000000 41.000000 0.000000 7.340170 2.000000
114.000000 43.000000 0.000000 12.869000 3.000000
47.000000 43.000000 0.000000 22.873899 3.000000
139.000000 40.000000 0.000000 0.759451 2.000000
168.000000 42.000000 0.000000 9.347580 3.000000
357.000000 36.000000 0.000000 0.090351 2.000000
392.000000 36.000000 0.000000 1.933830 3.000000
191.000000 28.000000 0.000000 0.057426 2.000000
224.000000 40.000000 0.000000 7.490690 3.000000
255.000000 13.000000 0.000000 0.057115 2.000000
279.000000 39.000000 0.000000 6.297080 3.000000
334.000000 35.000000 0.000000 4.894250 3.000000
298.000000 0.000000 0.000000 0.011722 2.000000
47.000000 56.000000 0.000000 -21.793501 0.000000
