89.000000 41.000000 0.000000 8.835830 2.000000
47.000000 43.000000 0.000000 23.071301 3.000000
627.000000 22.000000 0.000000 0.157174 2.000000
661.000000 34.000000 0.000000 1.175210 3.000000
103.000000 44.000000 0.000000 13.986500 3.000000
128.000000 38.000000 0.000000 0.521916 2.000000
156.000000 42.000000 0.000000 9.838850 3.000000
175.000000 28.000000 0.000000 0.018393 2.000000
211.000000 42.000000 0.000000 7.691700 3.000000
564.000000 31.000000 0.000000 0.202030 2.000000
596.000000 35.000000 0.000000 2.926860 3.000000
282.000000 0.000000 0.000000 0.010988 2.000000
265.000000 41.000000 0.000000 6.386390 3.000000
394.000000 0.000000 0.000000 -0.017484 2.000000
319.000000 41.000000 0.000000 5.477370 3.000000
534.000000 38.000000 0.000000 3.579090 3.000000
446.000000 99.000000 0.000000 -0.004882 2.000000
373.000000 40.000000 0.000000 4.837910 3.000000
339.000000 99.000000 0.000000 -0.032102 2.000000
509.000000 32.000000 0.000000 0.157000 2.000000
480.000000 39.000000 0.000000 3.930970 3.000000
484.000000 70.000000 0.000000 -0.024286 2.000000
427.000000 40.000000 0.000000 4.308250 3.000000
47.000000 56.000000 0.000000 -21.769899 0.000000
