93.000000 41.000000 0.000000 8.402120 2.000000
47.000000 43.000000 0.000000 22.942400 3.000000
409.000000 32.000000 0.000000 0.073311 2.000000
443.000000 35.000000 0.000000 1.714950 3.000000
109.000000 44.000000 0.000000 13.390500 3.000000
133.000000 40.000000 0.000000 0.706730 2.000000
162.000000 42.000000 0.000000 9.664630 3.000000
188.000000 27.000000 0.000000 0.038236 2.000000
218.000000 41.000000 0.000000 7.567840 3.000000
254.000000 12.000000 0.000000 0.034594 2.000000
273.000000 40.000000 0.000000 6.380690 3.000000
354.000000 15.000000 0.000000 0.028941 2.000000
327.000000 39.000000 0.000000 5.511420 3.000000
294.000000 99.000000 0.000000 -0.021647 2.000000
383.000000 35.000000 0.000000 4.362800 3.000000
47.000000 56.000000 0.000000 -21.782700 0.000000
