68.000000 43.000000 0.000000 15.966000 2.000000
47.000000 43.000000 0.000000 22.902800 3.000000
476.000000 20.000000 0.000000 0.091445 2.000000
510.000000 35.000000 0.000000 1.499170 3.000000
77.000000 45.000000 0.000000 17.106400 3.000000
99.000000 40.000000 0.000000 5.232710 2.000000
119.000000 44.000000 0.000000 12.403000 3.000000
141.000000 40.000000 0.000000 0.261415 2.000000
173.000000 42.000000 0.000000 9.076230 3.000000
195.000000 25.000000 0.000000 0.064234 2.000000
228.000000 41.000000 0.000000 7.311680 3.000000
303.000000 0.000000 0.000000 0.007304 2.000000
283.000000 41.000000 0.000000 6.128060 3.000000
449.000000 35.000000 0.000000 3.798460 3.000000
409.000000 2.000000 0.000000 0.008387 2.000000
337.000000 40.000000 0.000000 5.337780 3.000000
469.000000 0.000000 0.000000 -0.002550 2.000000
391.000000 38.000000 0.000000 4.727190 3.000000
357.000000 99.000000 0.000000 -0.028180 2.000000
47.000000 56.000000 0.000000 -21.904900 0.000000
