87.000000 42.000000 0.000000 9.557620 2.000000
47.000000 43.000000 0.000000 23.016300 3.000000
459.000000 19.000000 0.000000 0.082297 2.000000
493.000000 35.000000 0.000000 1.546900 3.000000
104.000000 44.000000 0.000000 13.936500 3.000000
126.000000 43.000000 0.000000 0.746299 2.000000
156.000000 42.000000 0.000000 9.849280 3.000000
176.000000 23.000000 0.000000 0.048763 2.000000
211.000000 41.000000 0.000000 7.733140 3.000000
250.000000 12.000000 0.000000 0.037434 2.000000
267.000000 41.000000 0.000000 6.424110 3.000000
392.000000 3.000000 0.000000 0.004622 2.000000
321.000000 40.000000 0.000000 5.570890 3.000000
343.000000 99.000000 0.000000 -0.029922 2.000000
432.000000 35.000000 0.000000 3.924760 3.000000
451.000000 0.000000 0.000000 -0.011422 2.000000
375.000000 38.000000 0.000000 4.900010 3.000000
47.000000 56.000000 0.000000 -21.729200 0.000000
