79.000000 42.000000 0.000000 12.704700 2.000000
90.000000 45.000000 0.000000 15.753000 3.000000
708.000000 31.000000 0.000000 0.251340 2.000000
743.000000 35.000000 0.000000 2.370390 3.000000
47.000000 43.000000 0.000000 23.164801 3.000000
114.000000 40.000000 0.000000 1.036020 2.000000
140.000000 42.000000 0.000000 10.770500 3.000000
240.000000 16.000000 0.000000 0.039982 2.000000
195.000000 42.000000 0.000000 8.202950 3.000000
23.000000 0.000000 0.000000 0.000637 2.000000
651.000000 32.000000 0.000000 0.363685 2.000000
677.000000 38.000000 0.000000 2.830000 3.000000
249.000000 42.000000 0.000000 6.719260 3.000000
623.000000 38.000000 0.000000 3.085340 3.000000
601.000000 29.000000 0.000000 0.205062 2.000000
570.000000 39.000000 0.000000 3.328370 3.000000
585.000000 0.000000 0.000000 -0.014340 2.000000
298.000000 0.000000 0.000000 -0.012461 2.000000
303.000000 41.000000 0.000000 5.694260 3.000000
427.000000 99.000000 0.000000 -0.008168 2.000000
356.000000 41.000000 0.000000 4.963470 3.000000
480.000000 99.000000 0.000000 0.007467 2.000000
410.000000 40.000000 0.000000 4.410210 3.000000
531.000000 99.000000 0.000000 -0.008069 2.000000
517.000000 39.000000 0.000000 3.648830 3.000000
362.000000 0.000000 0.000000 -0.013115 2.000000
463.000000 40.000000 0.000000 3.975770 3.000000
47.000000 56.000000 0.000000 -21.688999 0.000000
