79.000000 42.000000 0.000000 13.965000 2.000000
88.000000 45.000000 0.000000 15.528300 3.000000
47.000000 43.000000 0.000000 22.928101 3.000000
323.000000 40.000000 0.000000 0.129119 2.000000
359.000000 37.000000 0.000000 2.120630 3.000000
112.000000 41.000000 0.000000 3.577010 2.000000
136.000000 43.000000 0.000000 11.177400 3.000000
159.000000 38.000000 0.000000 0.367754 2.000000
191.000000 41.000000 0.000000 8.536460 3.000000
211.000000 24.000000 0.000000 0.050123 2.000000
246.000000 39.000000 0.000000 6.982450 3.000000
301.000000 36.000000 0.000000 5.340040 3.000000
267.000000 26.000000 0.000000 0.019555 2.000000
47.000000 56.000000 0.000000 -21.630600 0.000000
