84.000000 42.000000 0.000000 12.188400 2.000000
47.000000 43.000000 0.000000 23.030100 3.000000
392.000000 34.000000 0.000000 0.083535 2.000000
426.000000 36.000000 0.000000 1.780840 3.000000
94.000000 44.000000 0.000000 14.862400 3.000000
121.000000 39.000000 0.000000 1.737910 2.000000
146.000000 42.000000 0.000000 10.546700 3.000000
170.000000 32.000000 0.000000 0.071278 2.000000
201.000000 41.000000 0.000000 8.083910 3.000000
234.000000 18.000000 0.000000 0.060528 2.000000
256.000000 40.000000 0.000000 6.705990 3.000000
336.000000 16.000000 0.000000 0.025863 2.000000
311.000000 39.000000 0.000000 5.753900 3.000000
367.000000 35.000000 0.000000 4.526350 3.000000
331.000000 0.000000 0.000000 0.012103 2.000000
47.000000 56.000000 0.000000 -21.603300 0.000000
