82.000000 41.000000 0.000000 11.474900 2.000000
47.000000 43.000000 0.000000 23.175200 3.000000
660.000000 32.000000 0.000000 0.258973 2.000000
694.000000 35.000000 0.000000 2.530490 3.000000
94.000000 44.000000 0.000000 15.102500 3.000000
118.000000 40.000000 0.000000 0.931356 2.000000
146.000000 43.000000 0.000000 10.423900 3.000000
246.000000 16.000000 0.000000 0.041100 2.000000
200.000000 42.000000 0.000000 8.037040 3.000000
23.000000 0.000000 0.000000 -0.006285 2.000000
604.000000 32.000000 0.000000 0.302441 2.000000
629.000000 38.000000 0.000000 3.048980 3.000000
254.000000 42.000000 0.000000 6.596180 3.000000
575.000000 38.000000 0.000000 3.337390 3.000000
553.000000 29.000000 0.000000 0.133334 2.000000
523.000000 39.000000 0.000000 3.609290 3.000000
538.000000 99.000000 0.000000 -0.007938 2.000000
377.000000 0.000000 0.000000 -0.007658 2.000000
308.000000 41.000000 0.000000 5.622190 3.000000
297.000000 99.000000 0.000000 -0.015479 2.000000
362.000000 41.000000 0.000000 4.903550 3.000000
485.000000 99.000000 0.000000 0.022302 2.000000
469.000000 39.000000 0.000000 3.972560 3.000000
415.000000 40.000000 0.000000 4.369860 3.000000
434.000000 99.000000 0.000000 -0.007904 2.000000
47.000000 56.000000 0.000000 -21.659401 0.000000
