76.000000 42.000000 0.000000 13.740300 2.000000
47.000000 43.000000 0.000000 23.112700 3.000000
699.000000 32.000000 0.000000 0.402700 2.000000
725.000000 38.000000 0.000000 2.634320 3.000000
86.000000 45.000000 0.000000 16.329500 3.000000
110.000000 40.000000 0.000000 1.740570 2.000000
135.000000 43.000000 0.000000 11.117200 3.000000
208.000000 25.000000 0.000000 0.050703 2.000000
189.000000 42.000000 0.000000 8.401680 3.000000
159.000000 31.000000 0.000000 0.005329 2.000000
670.000000 37.000000 0.000000 2.859300 3.000000
244.000000 42.000000 0.000000 6.825660 3.000000
365.000000 0.000000 0.000000 -0.002023 2.000000
297.000000 41.000000 0.000000 5.779980 3.000000
648.000000 30.000000 0.000000 0.263211 2.000000
618.000000 38.000000 0.000000 3.089590 3.000000
592.000000 22.000000 0.000000 0.046076 2.000000
565.000000 39.000000 0.000000 3.367250 3.000000
351.000000 41.000000 0.000000 5.023130 3.000000
580.000000 99.000000 0.000000 0.006847 2.000000
293.000000 0.000000 0.000000 -0.010639 2.000000
475.000000 99.000000 0.000000 0.003143 2.000000
404.000000 40.000000 0.000000 4.455780 3.000000
511.000000 39.000000 0.000000 3.644120 3.000000
527.000000 99.000000 0.000000 -0.004355 2.000000
458.000000 40.000000 0.000000 4.007860 3.000000
421.000000 99.000000 0.000000 -0.019325 2.000000
47.000000 56.000000 0.000000 -21.774099 0.000000
