80.000000 42.000000 0.000000 13.151400 2.000000
47.000000 43.000000 0.000000 23.053801 3.000000
91.000000 45.000000 0.000000 15.505800 3.000000
442.000000 20.000000 0.000000 0.069660 2.000000
477.000000 35.000000 0.000000 1.597200 3.000000
117.000000 38.000000 0.000000 2.057620 2.000000
140.000000 42.000000 0.000000 10.816100 3.000000
164.000000 32.000000 0.000000 0.063065 2.000000
195.000000 41.000000 0.000000 8.277530 3.000000
213.000000 28.000000 0.000000 0.050401 2.000000
250.000000 41.000000 0.000000 6.764500 3.000000
366.000000 0.000000 0.000000 -0.005453 2.000000
305.000000 40.000000 0.000000 5.821560 3.000000
416.000000 35.000000 0.000000 4.062320 3.000000
434.000000 0.000000 0.000000 -0.000105 2.000000
327.000000 99.000000 0.000000 -0.019571 2.000000
359.000000 38.000000 0.000000 5.085010 3.000000
47.000000 56.000000 0.000000 -21.644300 0.000000
