75.000000 43.000000 0.000000 14.997800 2.000000
47.000000 43.000000 0.000000 22.827400 3.000000
257.000000 46.000000 0.000000 0.575427 2.000000
292.000000 38.000000 0.000000 2.662430 3.000000
82.000000 44.000000 0.000000 15.731700 3.000000
107.000000 40.000000 0.000000 6.252600 2.000000
126.000000 43.000000 0.000000 11.862000 3.000000
149.000000 43.000000 0.000000 0.794996 2.000000
181.000000 41.000000 0.000000 8.893670 3.000000
235.000000 37.000000 0.000000 6.486270 3.000000
201.000000 38.000000 0.000000 0.165481 2.000000
47.000000 56.000000 0.000000 -21.642200 0.000000
