71.000000 42.000000 0.000000 15.695900 2.000000
47.000000 43.000000 0.000000 22.839199 3.000000
78.000000 44.000000 0.000000 16.389900 3.000000
102.000000 40.000000 0.000000 6.735260 2.000000
120.000000 43.000000 0.000000 12.346300 3.000000
306.000000 42.000000 0.000000 0.179339 2.000000
342.000000 37.000000 0.000000 2.235360 3.000000
145.000000 40.000000 0.000000 0.751866 2.000000
174.000000 41.000000 0.000000 9.153380 3.000000
197.000000 30.000000 0.000000 0.044875 2.000000
230.000000 39.000000 0.000000 7.359950 3.000000
284.000000 36.000000 0.000000 5.583370 3.000000
249.000000 28.000000 0.000000 0.041890 2.000000
47.000000 56.000000 0.000000 -21.744400 0.000000
