86.000000 41.000000 0.000000 8.095430 2.000000
47.000000 43.000000 0.000000 23.093500 3.000000
104.000000 44.000000 0.000000 13.964100 3.000000
724.000000 31.000000 0.000000 0.245660 2.000000
748.000000 32.000000 0.000000 1.369470 3.000000
129.000000 37.000000 0.000000 0.411393 2.000000
157.000000 43.000000 0.000000 9.818180 3.000000
178.000000 21.000000 0.000000 0.038839 2.000000
211.000000 42.000000 0.000000 7.696560 3.000000
667.000000 32.000000 0.000000 0.378210 2.000000
693.000000 38.000000 0.000000 2.763310 3.000000
270.000000 0.000000 0.000000 -0.007198 2.000000
265.000000 42.000000 0.000000 6.378460 3.000000
385.000000 0.000000 0.000000 -0.015700 2.000000
319.000000 41.000000 0.000000 5.448260 3.000000
639.000000 37.000000 0.000000 3.007060 3.000000
617.000000 29.000000 0.000000 0.227801 2.000000
586.000000 38.000000 0.000000 3.247580 3.000000
572.000000 20.000000 0.000000 0.017811 2.000000
444.000000 99.000000 0.000000 -0.013004 2.000000
372.000000 41.000000 0.000000 4.778840 3.000000
492.000000 99.000000 0.000000 0.009486 2.000000
426.000000 40.000000 0.000000 4.268440 3.000000
533.000000 39.000000 0.000000 3.551310 3.000000
479.000000 40.000000 0.000000 3.858890 3.000000
546.000000 99.000000 0.000000 -0.001926 2.000000
333.000000 99.000000 0.000000 -0.021341 2.000000
47.000000 56.000000 0.000000 -21.804501 0.000000
