92.000000 40.000000 0.000000 7.423270 2.000000
47.000000 43.000000 0.000000 22.993601 3.000000
109.000000 44.000000 0.000000 13.322300 3.000000
576.000000 21.000000 0.000000 0.148571 2.000000
611.000000 34.000000 0.000000 1.267300 3.000000
131.000000 40.000000 0.000000 0.493189 2.000000
162.000000 42.000000 0.000000 9.551230 3.000000
180.000000 31.000000 0.000000 0.031643 2.000000
216.000000 42.000000 0.000000 7.530430 3.000000
518.000000 29.000000 0.000000 0.151143 2.000000
547.000000 35.000000 0.000000 3.172940 3.000000
288.000000 0.000000 0.000000 -0.010228 2.000000
271.000000 41.000000 0.000000 6.294830 3.000000
486.000000 38.000000 0.000000 3.897140 3.000000
398.000000 99.000000 0.000000 -0.021683 2.000000
325.000000 41.000000 0.000000 5.439810 3.000000
502.000000 0.000000 0.000000 0.005866 2.000000
453.000000 99.000000 0.000000 -0.001916 2.000000
379.000000 40.000000 0.000000 4.765850 3.000000
433.000000 39.000000 0.000000 4.311550 3.000000
345.000000 99.000000 0.000000 -0.029640 2.000000
47.000000 56.000000 0.000000 -21.853001 0.000000
