77.000000 42.000000 0.000000 13.982800 2.000000
47.000000 43.000000 0.000000 23.028999 3.000000
86.000000 45.000000 0.000000 16.115200 3.000000
111.000000 40.000000 0.000000 2.388960 2.000000
135.000000 43.000000 0.000000 11.157700 3.000000
492.000000 19.000000 0.000000 0.104661 2.000000
527.000000 35.000000 0.000000 1.454250 3.000000
158.000000 34.000000 0.000000 0.051566 2.000000
189.000000 42.000000 0.000000 8.408880 3.000000
208.000000 29.000000 0.000000 0.047519 2.000000
244.000000 41.000000 0.000000 6.915230 3.000000
320.000000 99.000000 0.000000 -0.025626 2.000000
299.000000 41.000000 0.000000 5.846490 3.000000
465.000000 35.000000 0.000000 3.679430 3.000000
399.000000 93.000000 0.000000 0.008433 2.000000
353.000000 39.000000 0.000000 5.125420 3.000000
407.000000 38.000000 0.000000 4.566160 3.000000
443.000000 8.000000 0.000000 0.008169 2.000000
373.000000 99.000000 0.000000 -0.029041 2.000000
47.000000 56.000000 0.000000 -21.724199 0.000000
