84.000000 41.000000 0.000000 9.893440 2.000000
47.000000 43.000000 0.000000 23.161600 3.000000
715.000000 32.000000 0.000000 0.411061 2.000000
741.000000 38.000000 0.000000 2.575470 3.000000
99.000000 44.000000 0.000000 14.550800 3.000000
121.000000 42.000000 0.000000 0.684923 2.000000
151.000000 42.000000 0.000000 10.075300 3.000000
169.000000 27.000000 0.000000 0.007936 2.000000
206.000000 42.000000 0.000000 7.872870 3.000000
686.000000 37.000000 0.000000 2.791370 3.000000
270.000000 0.000000 0.000000 0.004609 2.000000
260.000000 42.000000 0.000000 6.473770 3.000000
663.000000 31.000000 0.000000 0.277995 2.000000
634.000000 38.000000 0.000000 3.014390 3.000000
311.000000 0.000000 0.000000 0.003041 2.000000
313.000000 41.000000 0.000000 5.530350 3.000000
610.000000 21.000000 0.000000 0.057333 2.000000
381.000000 0.000000 0.000000 -0.009249 2.000000
367.000000 41.000000 0.000000 4.833600 3.000000
581.000000 39.000000 0.000000 3.280140 3.000000
592.000000 79.000000 0.000000 0.002357 2.000000
485.000000 99.000000 0.000000 0.008211 2.000000
420.000000 40.000000 0.000000 4.311370 3.000000
527.000000 39.000000 0.000000 3.548350 3.000000
544.000000 99.000000 0.000000 -0.000570 2.000000
474.000000 40.000000 0.000000 3.887660 3.000000
438.000000 99.000000 0.000000 -0.011157 2.000000
47.000000 56.000000 0.000000 -21.712500 0.000000
