84.000000 41.000000 0.000000 10.256500 2.000000
47.000000 43.000000 0.000000 23.136700 3.000000
98.000000 44.000000 0.000000 14.524200 3.000000
122.000000 40.000000 0.000000 0.724621 2.000000
151.000000 43.000000 0.000000 10.126900 3.000000
678.000000 23.000000 0.000000 0.152364 2.000000
712.000000 34.000000 0.000000 1.095030 3.000000
251.000000 13.000000 0.000000 0.007444 2.000000
205.000000 42.000000 0.000000 7.849300 3.000000
260.000000 41.000000 0.000000 6.477990 3.000000
141.000000 0.000000 0.000000 -0.000244 2.000000
612.000000 32.000000 0.000000 0.245692 2.000000
645.000000 35.000000 0.000000 2.715360 3.000000
388.000000 0.000000 0.000000 -0.002798 2.000000
314.000000 41.000000 0.000000 5.535300 3.000000
582.000000 38.000000 0.000000 3.297800 3.000000
441.000000 99.000000 0.000000 0.004272 2.000000
367.000000 41.000000 0.000000 4.850100 3.000000
488.000000 99.000000 0.000000 0.006584 2.000000
421.000000 40.000000 0.000000 4.363350 3.000000
556.000000 32.000000 0.000000 0.221442 2.000000
528.000000 38.000000 0.000000 3.619020 3.000000
506.000000 29.000000 0.000000 0.013206 2.000000
475.000000 39.000000 0.000000 3.925580 3.000000
333.000000 99.000000 0.000000 -0.010630 2.000000
47.000000 56.000000 0.000000 -21.692499 0.000000
