65.000000 43.000000 0.000000 16.622299 2.000000
47.000000 43.000000 0.000000 22.958200 3.000000
73.000000 45.000000 0.000000 17.778200 3.000000
732.000000 31.000000 0.000000 0.418410 2.000000
748.000000 36.000000 0.000000 1.662170 3.000000
96.000000 39.000000 0.000000 4.711610 2.000000
114.000000 43.000000 0.000000 12.843000 3.000000
134.000000 40.000000 0.000000 0.160067 2.000000
168.000000 42.000000 0.000000 9.274120 3.000000
203.000000 20.000000 0.000000 0.034811 2.000000
222.000000 42.000000 0.000000 7.416120 3.000000
702.000000 37.000000 0.000000 2.723710 3.000000
292.000000 0.000000 0.000000 -0.006934 2.000000
276.000000 42.000000 0.000000 6.154140 3.000000
398.000000 0.000000 0.000000 -0.013127 2.000000
329.000000 41.000000 0.000000 5.299920 3.000000
678.000000 31.000000 0.000000 0.299699 2.000000
650.000000 38.000000 0.000000 2.940480 3.000000
454.000000 99.000000 0.000000 -0.004381 2.000000
383.000000 41.000000 0.000000 4.658040 3.000000
502.000000 99.000000 0.000000 0.008902 2.000000
436.000000 40.000000 0.000000 4.174570 3.000000
627.000000 21.000000 0.000000 0.053729 2.000000
597.000000 38.000000 0.000000 3.196720 3.000000
490.000000 40.000000 0.000000 3.774030 3.000000
581.000000 21.000000 0.000000 0.015330 2.000000
543.000000 39.000000 0.000000 3.453640 3.000000
558.000000 99.000000 0.000000 -0.001638 2.000000
340.000000 0.000000 0.000000 -0.014695 2.000000
47.000000 56.000000 0.000000 -22.001600 0.000000
