64.000000 43.000000 0.000000 16.692801 2.000000
47.000000 43.000000 0.000000 22.957701 3.000000
73.000000 45.000000 0.000000 17.705700 3.000000
695.000000 24.000000 0.000000 0.151591 2.000000
728.000000 33.000000 0.000000 1.070760 3.000000
95.000000 40.000000 0.000000 5.617920 2.000000
114.000000 44.000000 0.000000 12.873400 3.000000
134.000000 41.000000 0.000000 0.215345 2.000000
167.000000 42.000000 0.000000 9.286240 3.000000
185.000000 32.000000 0.000000 0.022729 2.000000
222.000000 42.000000 0.000000 7.382280 3.000000
628.000000 32.000000 0.000000 0.252649 2.000000
661.000000 35.000000 0.000000 2.650420 3.000000
273.000000 9.000000 0.000000 -0.005160 2.000000
276.000000 41.000000 0.000000 6.167640 3.000000
598.000000 38.000000 0.000000 3.211070 3.000000
403.000000 99.000000 0.000000 0.003555 2.000000
330.000000 41.000000 0.000000 5.307000 3.000000
572.000000 32.000000 0.000000 0.250153 2.000000
544.000000 38.000000 0.000000 3.520760 3.000000
522.000000 29.000000 0.000000 0.063706 2.000000
457.000000 99.000000 0.000000 0.012961 2.000000
383.000000 40.000000 0.000000 4.678950 3.000000
502.000000 99.000000 0.000000 0.014137 2.000000
437.000000 40.000000 0.000000 4.223630 3.000000
491.000000 39.000000 0.000000 3.815820 3.000000
347.000000 0.000000 0.000000 -0.017813 2.000000
47.000000 56.000000 0.000000 -21.969101 0.000000
