67.000000 43.000000 0.000000 15.864000 2.000000
47.000000 43.000000 0.000000 22.918200 3.000000
76.000000 45.000000 0.000000 17.484501 3.000000
683.000000 32.000000 0.000000 0.391446 2.000000
709.000000 38.000000 0.000000 2.697790 3.000000
98.000000 40.000000 0.000000 4.120930 2.000000
119.000000 43.000000 0.000000 12.377500 3.000000
139.000000 39.000000 0.000000 0.108307 2.000000
173.000000 42.000000 0.000000 9.077670 3.000000
189.000000 26.000000 0.000000 0.052163 2.000000
227.000000 42.000000 0.000000 7.237390 3.000000
655.000000 37.000000 0.000000 2.931870 3.000000
323.000000 0.000000 0.000000 0.007414 2.000000
281.000000 41.000000 0.000000 6.062830 3.000000
335.000000 41.000000 0.000000 5.226640 3.000000
632.000000 29.000000 0.000000 0.246314 2.000000
283.000000 0.000000 0.000000 -0.015336 2.000000
602.000000 38.000000 0.000000 3.167650 3.000000
587.000000 21.000000 0.000000 0.045651 2.000000
460.000000 99.000000 0.000000 -0.000930 2.000000
388.000000 40.000000 0.000000 4.609370 3.000000
405.000000 99.000000 0.000000 -0.014691 2.000000
549.000000 39.000000 0.000000 3.457690 3.000000
503.000000 99.000000 0.000000 0.009269 2.000000
442.000000 40.000000 0.000000 4.134530 3.000000
567.000000 99.000000 0.000000 0.010117 2.000000
495.000000 39.000000 0.000000 3.747060 3.000000
47.000000 56.000000 0.000000 -22.000999 0.000000
