76.000000 42.000000 0.000000 14.635300 2.000000
47.000000 43.000000 0.000000 22.916700 3.000000
84.000000 45.000000 0.000000 16.155199 3.000000
374.000000 36.000000 0.000000 0.083191 2.000000
409.000000 36.000000 0.000000 1.853040 3.000000
107.000000 41.000000 0.000000 3.881290 2.000000
130.000000 43.000000 0.000000 11.624300 3.000000
154.000000 37.000000 0.000000 0.368216 2.000000
185.000000 41.000000 0.000000 8.650370 3.000000
206.000000 26.000000 0.000000 0.058917 2.000000
240.000000 40.000000 0.000000 7.084430 3.000000
262.000000 24.000000 0.000000 0.046007 2.000000
295.000000 39.000000 0.000000 6.016570 3.000000
350.000000 35.000000 0.000000 4.700950 3.000000
319.000000 19.000000 0.000000 0.034733 2.000000
47.000000 56.000000 0.000000 -21.730000 0.000000
