76.000000 42.000000 0.000000 13.894700 2.000000
47.000000 43.000000 0.000000 23.078199 3.000000
86.000000 45.000000 0.000000 16.296301 3.000000
661.000000 23.000000 0.000000 0.154130 2.000000
695.000000 34.000000 0.000000 1.120940 3.000000
111.000000 39.000000 0.000000 1.922990 2.000000
135.000000 43.000000 0.000000 11.138000 3.000000
205.000000 28.000000 0.000000 0.045961 2.000000
189.000000 42.000000 0.000000 8.412170 3.000000
158.000000 32.000000 0.000000 0.015712 2.000000
596.000000 32.000000 0.000000 0.234928 2.000000
629.000000 35.000000 0.000000 2.781120 3.000000
243.000000 42.000000 0.000000 6.833200 3.000000
319.000000 99.000000 0.000000 -0.002461 2.000000
298.000000 41.000000 0.000000 5.787660 3.000000
566.000000 38.000000 0.000000 3.388560 3.000000
543.000000 29.000000 0.000000 0.205518 2.000000
512.000000 38.000000 0.000000 3.718160 3.000000
425.000000 99.000000 0.000000 -0.006802 2.000000
351.000000 41.000000 0.000000 5.038650 3.000000
491.000000 28.000000 0.000000 -0.021216 2.000000
478.000000 99.000000 0.000000 0.001398 2.000000
405.000000 40.000000 0.000000 4.510750 3.000000
459.000000 40.000000 0.000000 4.044200 3.000000
355.000000 0.000000 0.000000 -0.019422 2.000000
47.000000 56.000000 0.000000 -21.763399 0.000000
