87.000000 41.000000 0.000000 11.205500 2.000000
47.000000 43.000000 0.000000 22.964500 3.000000
100.000000 44.000000 0.000000 14.315600 3.000000
340.000000 38.000000 0.000000 0.096642 2.000000
375.000000 36.000000 0.000000 2.022300 3.000000
123.000000 42.000000 0.000000 1.520030 2.000000
152.000000 42.000000 0.000000 10.190400 3.000000
178.000000 30.000000 0.000000 0.070552 2.000000
207.000000 41.000000 0.000000 7.975870 3.000000
240.000000 18.000000 0.000000 0.051479 2.000000
262.000000 39.000000 0.000000 6.626640 3.000000
317.000000 36.000000 0.000000 5.106990 3.000000
285.000000 24.000000 0.000000 0.022567 2.000000
47.000000 56.000000 0.000000 -21.631599 0.000000
