72.000000 42.000000 0.000000 15.271200 2.000000
80.000000 45.000000 0.000000 16.684900 3.000000
47.000000 43.000000 0.000000 22.900499 3.000000
427.000000 32.000000 0.000000 0.067225 2.000000
460.000000 35.000000 0.000000 1.653890 3.000000
103.000000 40.000000 0.000000 4.410730 2.000000
124.000000 43.000000 0.000000 11.980200 3.000000
146.000000 39.000000 0.000000 0.219993 2.000000
179.000000 42.000000 0.000000 8.888500 3.000000
196.000000 30.000000 0.000000 0.062731 2.000000
234.000000 41.000000 0.000000 7.156180 3.000000
309.000000 0.000000 0.000000 0.011673 2.000000
289.000000 40.000000 0.000000 6.091300 3.000000
400.000000 35.000000 0.000000 4.202590 3.000000
399.000000 12.000000 0.000000 0.016300 2.000000
343.000000 38.000000 0.000000 5.287350 3.000000
366.000000 99.000000 0.000000 -0.022424 2.000000
47.000000 56.000000 0.000000 -21.844999 0.000000
